====iteration: 0====
0.0
0.0
0.0
0.0
0.0
0.0
0.0
0.0
0.0
0.0
0.0
0.0
0.0
0.0
0.0
0.0
0.0
0.0
0.0
0.0
0.0
0.0
0.0
0.0
0.0
0.0
0.0
0.0
0.0
0.0
0.0
0.0
0.0
0.0
0.0
0.0
====iteration: 1====
1.0
0.0
1.0
-0.04
-0.04
1.0
-0.04
-1.0
-0.04
1.0
0.0
-1.0
-0.04
-0.04
-1.0
-0.04
1.0
-0.04
-0.04
-0.04
-0.04
-1.0
-0.04
1.0
-0.04
0.0
0.0
0.0
-1.0
-0.04
-0.04
-0.04
-0.04
-0.04
-0.04
-0.04
====iteration: 2====
1.99
0.0
1.88704
0.84704
0.74408
1.88704
0.6490400000000001
-1.0
0.752
1.7840799999999999
0.0
-0.4059999999999999
-0.04
-0.04
-1.0
0.752
1.7840799999999999
0.84704
-0.04
-0.04
-0.04
-1.0
0.752
1.7840799999999999
-0.04
0.0
0.0
0.0
-1.0
0.6490400000000001
-0.04
-0.04
-0.04
-0.04
-0.04
-0.04
====iteration: 3====
2.9701000000000004
0.0
2.7652096000000004
1.7150165599999998
1.60186352
2.75501656
1.50133496
-0.5073759999999999
1.5321596
2.57129632
0.0
0.41414768000000013
0.46611968
-0.04
-0.3339279999999999
1.45061528
2.57129632
1.6334722400000001
-0.04
-0.04
-0.04
-0.3339279999999999
1.45061528
2.56110328
-0.04
0.0
0.0
0.0
-0.4154723199999999
1.33824632
-0.04
-0.04
-0.04
-0.04
-0.04
0.46611968
====iteration: 4====
3.9403990000000007
0.0
3.6335883930400006
2.5743909783200003
2.4591420924800005
3.6133042434400005
2.4107211370400004
0.15928017920000004
2.3543741148799997
3.3498642375999994
0.0
1.2639743561600003
1.1912431366400003
0.27497656256
0.3531213159200002
2.2179661491199996
3.3417913499199994
2.4046658852000005
0.32124678656000005
-0.04
-0.04
0.28853821448000017
2.21695703816
3.322593935200001
-0.04
0.0
0.0
0.0
0.2402419277600003
2.0797484237600004
-0.04
-0.04
-0.04
-0.04
0.28407502688
1.06207693376
====iteration: 5====
4.900995010000001
0.0
4.49239196505232
3.4243032736637606
3.308647095115521
4.462909148060561
3.335226138307761
0.9522825579699206
3.1852073045508806
4.127535831795759
0.0
2.1120038833241606
2.0144468907564805
0.9152733019596802
1.1114656274412802
2.97888883009736
4.1043393205343195
3.160393662955281
0.9313079960883202
0.23769013464896002
0.26427736544216024
1.00397390621912
2.96420083195496
4.075451413265441
0.20650745495552006
0.0
0.0
0.0
0.9855090190232001
2.821173441478881
-0.04
-0.04
-0.04
0.17706742128896003
0.8530723100472799
1.7404297957212802
====iteration: 6====
5.851985059900001
0.0
5.341727264954329
4.26560650776193
4.149736170096838
5.304008113338396
4.266051408851491
1.826387131672777
4.0208764569082405
4.902924397054592
0.0
2.952800814162148
2.8915414006186464
1.6732492340484018
1.9082062362779446
3.745373068631826
4.858425708675393
3.9069660846716996
1.6711727524221232
0.8117393131262051
0.9632055169794338
1.74195046980366
3.713499848492153
4.819932662645211
0.7384844089831426
0.0
0.0
0.0
1.7245086224980342
3.5646190828959345
0.11563390432477189
-0.04
0.09231739766085634
0.6706926189726597
1.5204399497892316
2.451126074122361
====iteration: 7====
6.793465209301002
0.0
6.181774037342738
5.098332553420664
4.982422187443184
6.136695109824098
5.197923582952704
2.7251767160167777
4.856849835187838
5.67620310053022
0.0
3.7854289869681157
3.7906269886424195
2.5112753073250667
2.720977761836669
4.5130126850176175
5.60545473744796
4.645160456356369
2.495909083779252
1.5460168420370881
1.724114627642189
2.4843369103108985
4.457499591383349
5.557073600404203
1.4297887328969836
0.0
0.0
0.0
2.4647155228397883
4.3010103116490095
0.5523674084428013
0.04366205222521933
0.5094673989631959
1.296985578789658
2.2225417593613495
3.176363350020828
====iteration: 8====
7.725530557207991
0.0
7.012695590061025
5.922644067316585
5.806782120094436
6.9610551394101465
6.124811375364373
3.6351642280093843
5.687701639413601
6.447076034225325
0.0
4.609777466400373
4.7006438049993235
3.385024737252129
3.542029580710694
5.279869673049113
6.34617929305481
5.376013195706757
3.3623272416606143
2.366712390832175
2.5140194088570924
3.223077286313136
5.1956197926195795
6.286873197552661
2.2198581634667702
0.0
0.0
0.0
3.2001465339900035
5.031009149134521
1.1513995930605452
0.40612007382729215
1.088087123396122
1.9770562180145408
2.9397182441544083
3.900891772654851
====iteration: 9====
8.648275251635912
0.0
7.834653533408716
6.738657197380981
6.622898530191534
7.77717155910379
7.044857786042732
4.5458493168494725
6.512196693289569
7.215133079402661
0.0
5.425891608760111
5.611331794971478
4.277095678824779
4.362484245035395
6.045016897609242
7.08110640410624
6.099700628849103
4.25008481717625
3.222697910304939
3.3186766059602557
3.9567226247315705
5.927659098002123
7.009498784600995
3.062495091761627
0.0
0.0
0.0
3.9298152883840354
5.754087985091036
1.8723221124875777
0.9523202523217557
1.7412697750999486
2.67971398053717
3.6573528969789386
4.6217796377786575
====iteration: 10====
9.561792499119553
0.0
8.647803360807883
7.5464708358612835
7.430853783788126
8.58512681365044
7.956914002481971
5.452998921117595
7.329382855688665
7.979969134290941
0.0
6.233846413344703
6.518481686451673
5.173260957105698
5.179548926152306
6.80730087315193
7.8105633071715195
6.816422933666567
5.143980271638048
4.0967671585197385
4.125850155036647
4.703040617598796
6.653892191576067
7.725048110184062
3.9324412033723926
0.0
0.0
0.0
4.6534124296917145
6.47022946147802
2.665135706791333
1.6314385230498694
2.4271048880552284
3.3872068625536786
4.371579123471631
5.336871805133103
====iteration: 11====
10.466174574128358
0.0
9.45229340723009
8.346177818804914
8.230729485601199
9.385002515557568
8.860521038739044
6.353875617909828
8.138924099245289
8.741158953550734
0.0
7.0337220262534
7.419358411677901
6.068064337553822
5.990946842900928
7.566156665457484
8.534714796154876
7.527896697109192
6.037471491255346
4.974935890268507
4.933383719348362
5.4585767838509875
7.376346923330347
8.433616690385092
4.812655733405067
0.0
0.0
0.0
5.371123162954049
7.179478650491582
3.499854281825214
2.3938123073426096
3.123234602977449
4.09295762457516
5.080276633428589
6.045558375422462
====iteration: 12====
11.361512828387074
0.0
10.248265029903697
9.13786271898944
9.022606430470631
10.176879460436313
9.755435531717898
7.247304718272225
8.940624801100828
9.49831900515416
0.0
7.825598953519767
8.312787514855264
6.957684201358553
6.795815765900389
8.321038393478705
9.253805401448764
8.250760651501874
6.92636019281976
5.852021621192394
5.737747654315365
6.21105941266752
8.094821272504035
9.13545457819747
5.694583256288436
0.0
0.0
0.0
6.084576342808753
7.881933998316111
4.355096333184427
3.2058594280594064
3.8200228900530613
4.793984703341325
5.78277081317647
6.747604757065586
====iteration: 13====
12.247897700103204
0.0
11.035852550824151
9.921607894373947
9.806564605898744
10.960837635865346
10.641589444831585
8.132598844164022
9.734442652302942
10.251099862216442
0.0
8.609557125462473
9.198081641025745
7.840561019372367
7.593568379360745
9.071581147649663
9.969621983400499
8.96815817758743
7.808787511352573
6.724232564342352
6.5365311089452405
6.9596867313902555
8.808318763043056
9.832416796264376
6.573204757458361
0.0
0.0
0.0
6.793782971594558
8.57796454970376
5.2186445593435815
4.043996462637829
4.513200417276835
5.489163455297347
6.478970336038481
7.442998908120323
====iteration: 14====
13.125418723102172
0.0
11.815183804327338
10.697493288155176
10.582683199573305
11.736956229539999
11.518979619092304
9.009481666796718
10.520381392184394
10.999196806035759
0.0
9.385675718446922
10.07496446368603
8.715706969134521
8.38398065515911
9.817626936788786
10.681874804051667
9.681696029104154
8.68364964718619
7.589910870752399
7.328814166731239
7.703832406265375
9.518358860091006
10.524340252643213
7.446054250967994
0.0
0.0
0.0
7.497991464938636
9.26907710724992
6.082979629083182
4.8938777906024065
5.201031139216312
6.178198870291352
7.168857712686967
8.132022878537102
====iteration: 15====
13.99416453587115
0.0
12.58638060518302
11.465597892352154
11.351040607311193
12.505313637277895
12.387649295999937
9.877825533278298
11.298484741837667
11.742360772649771
0.0
10.154033126048168
10.943308330170339
9.582711716456698
9.166942119296447
10.558883560842187
11.39047781843232
10.391136425946845
9.550454346515256
8.451706686720268
8.114193263310776
8.44343066359212
10.224633938040872
11.211404020592479
8.311769262263127
0.0
0.0
0.0
8.198480005838745
9.955217268740093
6.943983851315526
5.7467076687731575
5.882937670835581
6.861018684765766
7.852580188386319
8.81589624747312
====iteration: 16====
14.854222890512439
0.0
13.349559310560936
12.226001347140144
12.111714440971712
13.265987470938414
13.247660320508496
10.737611430155715
12.068811883591831
12.48037339580486
0.0
10.914706959681633
11.80309422704803
10.441723887274769
9.942417847988022
11.295134305773768
12.095310410890512
11.096436709715823
10.409314139785227
9.309367264354604
8.892836756163714
9.178179673120827
10.927087065932675
11.89372100008325
9.169690156368182
0.0
0.0
0.0
8.895126109111677
10.63664801449255
7.799299716201176
6.597483328658981
6.558748457159932
7.537725208785586
8.531244787226994
9.494711243992239
====iteration: 17====
15.705680661607314
0.0
14.104831479076669
12.978782073515818
12.864781536295625
14.019054566262328
14.099086432601611
11.588901170268347
12.83143147173436
13.213048159115926
0.0
11.667774055000187
12.654383967160687
11.292701518578562
10.710447972916537
12.026190827106424
12.796251375958757
11.797520213442013
11.260200086831883
10.15953482272121
9.664662082416582
9.907918828560366
11.625604012072491
12.571402419762563
10.019775449670801
0.0
0.0
0.0
9.587898594455497
11.313472670302753
8.647676125284757
7.44334707430581
7.228510559875851
8.209215462823327
9.205022023979383
10.168794874568807
====iteration: 18====
16.54862385499124
0.0
14.85230427313538
13.724017724459266
13.6103179606663
14.764590990633003
14.94200985667712
12.431755120816321
13.586419515037765
13.940226459181417
0.0
12.413310479369803
13.497237917708665
12.13536726529723
11.471064067836426
12.75189737755847
13.493178482773631
12.494309560760849
12.10282585803702
11.00184986655953
10.429352706026775
10.632479478422706
12.320083893343307
13.244539011942683
10.86199400780567
0.0
0.0
0.0
10.27671413277248
11.985786471663017
9.488673452898745
8.28274221193808
7.892943737411493
8.875802104630692
9.87418468188355
10.838278227836053
====iteration: 19====
17.383137616441328
0.0
15.59208086208509
14.461785158503648
14.348399020793268
15.50267205075997
15.776512825924916
13.266216922713522
14.333851160742997
14.661774950771438
0.0
13.151391539496561
14.331699719605865
12.969739324575475
12.224283455552625
13.472119368182078
14.185971845250327
13.186724457996654
12.937175327560322
11.83602257561914
11.186881346879694
11.351696946363946
13.01042218890289
13.91320440466857
11.696112893110843
0.0
0.0
0.0
10.961494003367015
12.653662457297722
10.322069405000939
9.115012332659546
8.552438126874984
9.537763084768649
10.538855339097104
11.503276713619353
====iteration: 20====
18.209306240276913
0.0
16.324260778809677
15.192160493589627
15.079099270318963
16.233372300285666
16.602675237336737
14.092357826614146
15.073799238246405
15.377582309152865
0.0
13.882091789022216
15.157840623506488
13.79582788826278
12.970154129891453
14.186741035790472
14.874515240229954
13.874684699910608
13.763252770342612
12.662013287547042
11.937216729474004
12.065451589642683
13.696514935190478
14.57745619311165
12.522073212263724
0.0
0.0
0.0
11.642154863216899
13.317158378103318
11.147592503372177
9.939851410627337
9.207291112258016
10.1952505193491
11.199129742090477
12.163871739398727
====iteration: 21====
19.027213177874145
0.0
17.048940242784795
15.915219074288771
15.802492517349403
16.95676554731611
17.420578815630453
14.910249173743512
15.8063386102582
16.0875564402577
0.0
14.605485036052649
15.975731970635856
14.613692514119096
13.708723320172425
14.89566745649109
15.558697218096532
14.558111320493378
14.581111113548216
13.479822470516522
12.680381093715814
12.773638335147838
14.378263940754804
15.237337769667807
13.339866690139567
0.0
0.0
0.0
12.318611839561562
13.976317315835129
11.96513893159882
10.756983841974977
9.857682051551576
10.848370358566779
11.855073593529223
12.820126582125262
====iteration: 22====
19.836941046095404
0.0
17.76621244467584
16.63103544822566
16.518651831909544
17.672924861876247
18.230304807824346
15.719968649077718
16.53154342807168
16.791622467231306
0.0
15.321644350612786
16.78545144597006
15.423396813525342
14.440046816414903
15.598819333972726
16.238412295653916
15.23692765449878
15.390812145566008
14.289497985409115
13.416401489337332
13.476174483953535
15.055574831109205
15.892879948573425
14.149533606577823
0.0
0.0
0.0
12.990783027462077
14.631169499961175
12.774664573174345
11.566272834537314
10.5037303701921
11.497195617071368
12.506735110919195
13.472088131531217
====iteration: 23====
20.63857163563445
0.0
18.476167797580516
17.33968338981351
17.227649553324078
18.38192258329078
19.031934380740864
16.521594588594585
17.249487776697862
17.48972061748483
0.0
16.03064207202732
17.58707738548693
16.225014742022484
15.16418179363508
16.29613244614201
16.913561490016583
15.911060443777336
16.192428248174828
15.09109980438279
14.145318653067507
14.172990568230608
15.728358926978071
16.544102537561688
14.95113087339069
0.0
0.0
0.0
13.658588566453394
15.281734219485056
13.576183419773091
12.367656363192472
11.200226698251589
12.141778940028136
13.154148095872474
14.119789744971843
====iteration: 24====
21.432185919278105
0.0
19.17889416323578
18.041235892406306
17.929557297524468
19.083830327491167
19.825548103386694
17.31520635327785
17.960245101085633
18.181804496807583
0.0
16.73254981622771
18.3806891501702
17.01862203421041
15.881187890772992
16.9875553141295
17.584052796195152
16.580440416442446
16.986034566508856
15.884698512648585
14.86717692744771
14.864030977768985
16.396532917566574
17.191015881411836
15.744727085485822
0.0
0.0
0.0
14.321952225974538
15.928021165556764
14.36973579023902
13.1611332283724
11.972828725902254
12.782157522056574
13.797334407587963
14.763253348075754
====iteration: 25====
22.21786406008532
0.0
19.874477052791306
18.735765175814915
18.62444596428285
19.778718994249555
20.61122593927805
18.1008831082436
18.663888251441197
18.86783949091865
0.0
17.427438482986094
19.16636590513594
17.80429638866152
16.591125677545474
17.673047989481454
18.249801391913184
17.24500281865288
17.771708381771383
16.670368110814056
15.584769339021529
15.549251083446979
17.060019453645463
17.833622274696097
16.53039533960121
0.0
0.0
0.0
14.980801436474328
16.570031943839773
15.155379884547305
13.94673512508704
12.754237604599588
13.41835604017687
14.436306028398686
15.402490950931666
====iteration: 26====
22.99568541948447
0.0
20.56299980644273
19.423342687817335
19.312385744373653
20.466658774340356
21.389047131292216
18.878703714101825
19.360489363127776
19.554367065739036
0.0
18.115378263076895
19.944186510994168
18.582115667554373
17.294056588577586
18.35258065668398
18.910729732400544
17.90468771740578
18.549527369633623
17.44818482381102
16.348345150404867
16.228888098143344
17.718747164851408
18.471917283046082
17.308211315603977
0.0
0.0
0.0
15.635067911938304
17.207761346210404
15.933182494917961
14.7245144233287
13.531153264779654
14.050388870446781
15.071066472160311
16.03750620047481
====iteration: 27====
23.765728565289624
0.0
21.24454375363439
20.104689112304722
19.993446126663546
21.147719156630252
22.159090185925713
19.648746446767397
20.05076985390689
20.23585819520914
0.0
18.796438645366784
20.71422924365974
19.352157681960755
17.990042511696796
19.031332561842152
19.566767517096114
18.559440207127402
19.3195692238584
18.218225425395005
17.10956015261759
16.907886019304083
18.372677680798983
19.1058909454705
18.078251517239416
0.0
0.0
0.0
16.28468785111904
17.84119858472922
16.70321535686477
15.49453439179411
14.300983769702704
14.678261642299432
15.701612214801814
16.668295680789516
====iteration: 28====
24.528071279636727
0.0
21.919252706606407
20.77939283632231
20.667695905130543
21.821968935097246
22.921432850346
20.411088935997256
20.734254512434116
20.91128995380783
0.0
19.47068842383378
21.476571732889596
20.114499776322592
18.680175258430747
19.70492388345614
20.218366377668108
19.209210503033017
20.0819112312546
18.980566752924076
17.863695200679967
17.585556934487226
19.02224379305281
19.735528869206444
18.840592625709263
0.0
0.0
0.0
16.929623480341775
18.470328385961615
17.46555242677085
16.256864372212135
15.063266024702072
15.301972679298327
16.327933885711463
17.294850160769087
====iteration: 29====
25.28279056684036
0.0
22.587214052382215
21.44742573985516
21.33520318581287
22.489476215779572
23.676152110320277
21.1658080999937
21.41096365372298
21.58018802852522
0.0
20.138195704516107
22.23129089688604
20.869218725651777
19.363652516165917
20.37269726538959
20.86544547537557
19.85436168312412
20.836630132882252
19.735285281549068
18.610452043767832
18.258007676076808
19.667733665678817
20.36081321442197
19.595311035044077
0.0
0.0
0.0
17.57021231886186
19.09513409917554
18.220268622661052
17.011576667700517
15.817963255683024
15.921514227984547
16.950019506568392
17.917155702283175
====iteration: 30====
26.029962661171957
0.0
23.24850286891822
22.108807292556374
21.99603539368837
23.150308423655073
24.423324189758652
21.91298012711256
22.080927146210087
22.242485202507858
0.0
20.799027912391608
22.978462924004905
21.61639063510648
20.0404328968617
21.03418961975458
21.507911652400306
20.49483469947232
21.583802016362448
20.48245696195563
19.349782294420304
18.924716619423773
20.30869608465683
20.981764148269868
20.34248265018147
0.0
0.0
0.0
18.206714358603325
19.715633361207903
18.967439023500706
17.758744929352257
16.56512544544405
16.536875266343106
17.567890266925872
18.535196552223333
====iteration: 31====
26.76966303456024
0.0
23.903187978169218
22.76359222919459
22.650259279485116
23.80453230945182
25.163024555018445
22.652680463748542
22.744205339815654
22.898193198227727
0.0
21.453251798188354
23.718163260640882
22.35609090762964
20.710501745029635
21.68933439076316
22.145639436304506
21.130564442706532
22.32350227466538
21.22215710906821
20.081737217805777
19.585267538374268
20.945007624702715
21.59839354343708
21.082182761694988
0.0
0.0
0.0
18.838799723309524
20.331869629691052
19.70713847027617
18.49844320262431
17.304820822244913
17.148070394141225
18.18156152728827
19.148987217172433
====iteration: 32====
27.501966404214635
0.0
24.55133611923904
23.411841636024832
23.29794092642389
24.452213956390594
25.89532792022964
23.384983813341048
23.40086137124567
23.54736250078841
0.0
22.100933445127136
24.45046661023339
23.088394222136436
21.373907733674884
22.338126989948442
22.77851641806667
21.761459322374087
23.055805581417204
21.95446035518807
20.80638008770273
20.239600576892762
21.57652888065249
22.210708659569526
21.814485988350587
0.0
0.0
0.0
19.466342304711606
20.943823952349224
20.43944133287958
19.230745422578345
18.037121539282943
17.755114667652272
18.791013639809748
19.75856507241693
====iteration: 33====
28.22694674017249
0.0
25.193012804208447
24.05361941598183
23.93914575689328
25.09341878685998
26.620308253761493
24.10996413833415
24.050960491536138
24.19005273906304
0.0
22.742138275596524
25.175446935226493
23.81337452798923
22.030707806022974
22.980601091646836
23.40644404802873
22.387437571473775
23.78078588302877
22.679440623637554
21.523781095625335
20.887704563906333
22.20316561751857
22.818704302576673
22.53946624617584
0.0
0.0
0.0
20.089217332925795
21.551487717828092
21.164421391564
19.955725129311137
18.762100439460074
18.357995506924475
19.396261775861824
20.36391686277103
====iteration: 34====
28.944677272770768
0.0
25.828282730731928
24.688989684282536
24.573938539057977
25.728211569024676
27.338038785034087
24.82769466494512
24.694567811795416
24.826326887286932
0.0
23.37693105776122
25.89317746183746
24.531105044134588
22.680964295640596
23.616799802889048
24.0293395136877
23.008427101277903
24.49851639685935
23.39717111936984
22.234011375184124
21.52960378918554
22.824838163820576
23.422367411281613
23.2571967361016
0.0
0.0
0.0
20.707336969099345
22.154843607665363
21.88215177253791
20.673455317722294
19.479830189427513
18.95672243685361
19.99728458708463
20.9650359577445
====iteration: 35====
29.655230500043064
0.0
26.457762126449897
25.318016263325067
25.20238339340103
26.356656423367728
28.048592011582393
25.53824788894589
25.331748056410664
25.45624840516092
0.0
24.005375912104267
26.60373068583823
25.241658262422455
23.324740286797308
24.246770971854755
24.647134358353185
23.6243674432759
25.20906961388196
24.107724326499547
22.93714211795256
22.16533154824959
23.441482043686907
24.02167878992042
23.96774994006072
0.0
0.0
0.0
21.3206277028456
22.753870866834742
22.59270491692823
21.38400835675904
20.1903829891427
19.55128043546804
20.594066012595857
21.561905871209053
====iteration: 36====
30.358678195042636
0.0
27.081709112251513
25.941199806328434
25.824543799200647
26.97881682916735
28.752039706186412
26.241695582158723
25.963002737264894
26.079880530249046
0.0
24.627536317903886
27.307178379051066
25.94510595251298
23.962098954870694
24.87056432675735
25.259773114913656
24.235208827316168
25.912517303281646
24.811172010497792
23.633244024657877
22.794926401711272
24.053044435294556
24.616615194317927
24.671197622326538
0.0
0.0
0.0
21.929029136998384
23.348544960015328
23.29615256662313
22.08745594884545
20.893830450403417
20.14165380819859
21.186584127826272
22.1545069430298
====iteration: 37====
31.055091413092214
0.0
27.700140090005327
26.55880057022437
26.440482600942275
27.594755630908978
29.44845292401994
26.938108799232136
26.588549652031567
26.697675690096002
0.0
25.243475119645513
28.00359159612448
26.641519167881444
24.59344952556156
25.488230714865896
25.867211849264894
24.840911306721576
26.60893051827261
25.507585222537134
24.322387187287582
23.418429504327115
24.65948292501851
25.20715085884562
25.367610833419725
0.0
0.0
0.0
22.53249102835765
23.93883906950416
23.99256575991401
22.783869110636918
21.590243540665476
20.727822083261724
21.774815212097245
22.74281562434689
====iteration: 38====
31.744540498961292
0.0
28.313091235745876
27.170902101055937
27.050262014666483
28.204535044633186
30.13790200977099
27.627557884568034
27.208453615727706
27.309906360488334
0.0
25.853254533369725
28.693040681460378
27.330968252285743
25.21897656280099
26.100164622663858
26.46941684475496
25.44144375648842
27.298379602470753
26.19703430512335
25.00467533082148
24.035883867292096
25.260764240571895
25.79325876745208
26.057059915489013
0.0
0.0
0.0
23.13097215630298
24.52472515989405
24.682014832252968
23.473318165758005
22.279692556676206
21.309762420466843
22.35873329228777
23.326805995855263
====iteration: 39====
32.42709509397169
0.0
28.920601199006622
27.77756829640362
27.653943634253448
28.80821666422015
30.82045660471691
28.31011247928715
27.822777218971318
27.91667210168169
0.0
26.456936152956686
29.375595276179492
28.013522846496066
25.838777418276354
26.706596784854803
27.066397370582006
26.036782957827292
27.980934196568434
26.879588898340337
25.68019270712632
24.64760889871772
25.856863261885604
26.374911666543913
26.739614508423664
0.0
0.0
0.0
23.72443931283645
25.106174978125555
25.364569419870385
24.155872743964434
22.96224711350223
21.88744972674435
22.93831118812785
23.90645071616225
====iteration: 40====
33.10282414303197
0.0
29.522710612993063
28.378845949023695
28.251588437644543
29.40586146761125
31.496185653741982
28.98584152818833
28.431567823129164
28.518039573496313
0.0
27.054580956347788
30.051324325080675
28.689251895119284
26.48350411710855
27.30761660862888
27.65818131202648
26.626939651631513
28.656663245130133
27.555317946421006
26.349012449900414
25.253793194537185
26.447816253461852
26.95208287556211
27.415343556350088
0.0
0.0
0.0
24.312866518218637
25.68316085470802
26.04029846489119
24.831601783842306
23.63797614169328
22.47981475978915
23.51352126679597
24.48172201120016
====iteration: 41====
33.77179590160165
0.0
30.11946037066661
28.974778472219988
28.843256793001736
29.997529822968435
32.16515741229242
29.654813286671104
29.03487103455729
29.114057123892692
0.0
27.646249311704974
30.720296083563447
29.35822365345022
27.145164947964403
27.90631419969345
28.244800668890754
27.211939318484056
29.32563500342746
28.224289704455554
27.014230953699325
25.854518395666936
27.033661330064806
27.524749587572803
28.084315314300383
0.0
0.0
0.0
24.896277182661528
26.25565634736493
26.70927022125389
25.500573537394605
24.306947888858378
23.13228042665933
24.084336223586977
25.05259248145037
====iteration: 42====
34.43407794258563
0.0
30.710891422685123
29.56540733758311
29.429008464805353
30.583281494772052
32.827439453265896
30.31709532760761
29.63273078421377
29.704768437684777
0.0
28.23200098350859
31.382578124499958
30.02050569430379
27.80057423036998
28.501939838191678
28.826589228061053
27.79181102078998
29.98791704426267
28.886571745147222
27.67541764019351
26.452542182249864
27.61442966010221
28.092893644276714
28.74659735494603
0.0
0.0
0.0
25.47470119288395
26.82364309283028
27.371552261032107
26.162855575637217
24.969229923610488
23.791294252454385
24.6507339725273
25.619035768911722
====iteration: 43====
35.089737163159775
0.0
31.297044605249607
30.15077340851814
30.00890261989092
31.163175649857628
33.4830986738343
30.972754548155823
30.225190519530564
30.29021503433378
0.0
28.811895138594167
32.03823734504817
30.676164914806698
28.449747203904924
29.092265785031017
29.40374000366354
28.3668232367751
30.64357626475555
29.542230965561686
28.330288017342387
27.047231234577087
28.19065681545049
28.656501723515564
29.40225657533535
0.0
0.0
0.0
26.04816437508666
27.38710785055287
28.02721148094752
26.818514794713597
25.624889140779555
24.446306361485476
25.212694410353798
26.18103253392405
====iteration: 44====
35.73883979152818
0.0
31.877960604710925
30.730917183200027
30.582997833425647
31.73727086339235
34.13220130219957
31.621857176510055
30.812293316024157
30.87043768937894
0.0
29.385990352128893
32.687339973402395
31.32526754313618
29.092514987677333
29.677345540741634
29.97621189606033
28.937133372250393
31.292678893079557
30.19133359384287
28.978670411628343
27.63664804019106
28.7624316457527
29.215588542669796
30.051359203602797
0.0
0.0
0.0
26.617092148175104
27.946041315362642
28.67631410895605
27.46761742226373
26.273991767287526
25.095280859071536
25.770202786626456
26.738568385121383
====iteration: 45====
36.3814513936129
0.0
32.45367993708383
31.305878931316375
31.151352094825025
32.305625124791725
34.77481290428257
32.26446877858704
31.39408199065407
31.445476778629327
0.0
29.954344613528264
33.32995157547938
31.96787914519964
29.728917303201452
30.25719061147815
30.543993234065994
29.502716132264855
31.935290495140016
30.833945195879938
29.620583560854822
28.220826771948097
29.329531243383006
29.770180419868172
30.693970805632368
0.0
0.0
0.0
27.181596076326375
28.50049633868472
29.318925710844173
28.110229023901407
26.9166033683558
25.737867089787887
26.323288359561495
27.291633067770245
====iteration: 46====
37.01763687967678
0.0
33.024242941016446
31.87569872545502
31.714022813610406
32.86829584357711
35.41099839034551
32.900654264646676
31.970599120334818
32.015372431761634
0.0
30.517015332313644
33.96613706153902
32.604064631251894
30.359012172597495
30.83183575186391
31.107073409010827
30.063570619686512
32.571475981190645
31.47013068191777
30.256085180678486
28.79975632991024
29.89195235337008
30.320300927159604
31.330156291666107
0.0
0.0
0.0
27.741515893845442
29.050510041621695
29.955111196800647
28.74641450972107
27.552788853864367
26.374047551515797
26.871956948826938
27.840270321544143
====iteration: 47====
37.64746051088001
0.0
33.5896897733588
32.44041645384947
32.27106682520793
33.425339855174634
36.04082202154824
33.5304778958476
32.54188705222945
32.580164574217925
0.0
31.074059343911173
34.59596069273995
33.23388826244879
30.982860933751816
31.40131743853444
31.665447370720067
30.619696449624428
33.20129961238664
32.099954313106785
30.885238138053197
29.373469631347024
30.449687808386493
30.86597231977992
31.959979922852877
0.0
0.0
0.0
28.29683683148035
29.596088901921657
30.584934827945204
29.376238140790885
28.18261248476424
27.003870187460706
27.416227906087528
28.38451445273112
====iteration: 48====
38.27098590577121
0.0
34.15006040623341
33.00007182227884
32.82254039668948
33.97681342665619
36.664347416439156
34.15400329073754
33.107987905036666
33.13989294246708
0.0
31.625532915392725
35.219486087629896
33.85741365733653
31.60052489769742
31.965672864923313
32.21911469253803
31.171097452315717
33.824825007273894
32.72347970799023
31.508105624089275
29.942001080016812
31.002739070771863
31.407212827068758
32.583505317735096
0.0
0.0
0.0
28.8475523918489
30.137249724872497
31.208460222804355
29.9997635356092
28.806137879489707
27.627395385050498
27.95612885558227
28.924375903845004
====iteration: 49====
38.8882760467135
0.0
34.705394624552596
33.554704353446716
33.36849923245622
34.522772262422926
37.281637557381295
34.77129343167915
33.66894356882412
33.69459708714772
0.0
32.171491751159465
35.83677622857149
34.47470379827693
32.212064875993995
32.52493952986724
32.76807909789678
31.717780664993807
34.44211514821403
33.340769848928275
32.12475035038515
30.50538653381052
31.551111013291592
31.944038929580092
33.200795458672474
0.0
0.0
0.0
29.393664753606735
30.674007968593877
31.825750363729142
30.617053676511674
29.42342802034145
28.24468548679585
28.49167015934093
29.459871753282318
====iteration: 50====
39.49939328624637
0.0
35.25573202378995
34.10435338526451
33.908998479865296
35.063271509832
37.89275479691408
35.382410671211645
34.224795704009516
34.24431637287101
0.0
32.71199099856853
36.44789346810398
35.085821037808756
32.817541106237044
33.079155146436186
33.31234794482549
32.25975618292747
35.05323238774571
33.951887088458825
32.735234427762734
31.063662382658855
32.09481176640992
32.47646590695261
33.81191269820266
0.0
0.0
0.0
29.935179522024807
31.206378431725295
32.43686760325244
31.228170916022794
30.034545259824853
28.855802718496008
29.02286658498142
29.991016960476053
====iteration: 51====
40.104399353383904
0.0
35.80111200789379
34.64905806889706
34.44409273480028
35.598365764766974
38.49776086405157
35.98741673834897
34.77558574020583
34.78908997674066
0.0
33.24708525350351
37.052899535241316
35.690827104945726
33.41701324498999
33.62835758336904
33.85193179390879
32.79703680594838
35.65823845488259
34.55689315559509
33.339619351925364
31.616865449200553
32.63385227297333
33.00450832515709
34.41691876533873
0.0
0.0
0.0
30.472105156417918
31.734375235727732
33.04187367038476
31.833176983148444
30.639551326935376
29.460808784043497
29.54973199729065
30.517826188926726
====iteration: 52====
40.703355359850065
0.0
36.34157378731375
35.18885736677002
34.973836047185905
36.12810907715261
39.0967168705177
36.586372744815016
35.321354875045756
35.32895688654418
0.0
33.77682856588914
37.651855541707356
36.28978311141158
34.01054037123801
34.17258482042959
34.38684402531819
33.32963774506317
36.25719446134841
35.155849162060555
33.93796600632594
32.16503289689325
33.16824598443717
33.52818038565036
35.01587477180408
0.0
0.0
0.0
31.004452559017295
32.258012152346836
33.640829676848064
32.43213298960813
31.238507333386774
30.059764790173432
30.072280219847116
31.040313447131886
====iteration: 53====
41.29632180625157
0.0
36.877156377126084
35.7237900506306
35.49828192644768
36.65255495641438
39.68968331691919
37.17933919121646
35.901266515590116
35.86395589887926
0.0
34.30127444515091
38.2448219881088
36.88274955781291
34.59818099149377
34.711874909402056
34.917100502035794
33.85757635425442
36.85016090774972
35.74881560846168
34.53033466773079
32.70820216486578
33.69800858302382
34.04749620527868
35.60884121820515
0.0
0.0
0.0
31.53223482609929
32.77730287186014
34.23379612324799
33.02509943600608
31.831473779780218
30.652731236496667
30.590524795236032
31.55849239768962
====iteration: 54====
41.88335858818906
0.0
37.41177171706276
36.25389469968534
36.01748334691683
37.171756376883536
40.27672009885668
37.766375973153906
36.482095038936805
36.4069339113906
0.0
34.82047586562007
38.83185877004624
37.46978633975031
35.183866166936596
35.2462659397718
35.442719272714335
34.380871892004876
37.43719768968709
36.33585239039896
35.11678501216489
33.246410910071134
34.223157736256645
34.56247003796605
36.1958780001424
0.0
0.0
0.0
32.05546702985285
33.292261226678704
34.82083290518464
33.61213621794162
32.418510561713305
31.239768018412278
31.10447918148238
32.072376576612875
====iteration: 55====
42.46452500230716
0.0
37.94561600875767
36.783545232410226
36.5314927531813
37.685765783148
40.85788651297479
38.347542387272014
37.05793792125383
36.972335174144206
0.0
35.33448527188453
39.41302518416435
38.050952753868366
35.764359906141316
35.7863236163468
35.96372030933565
34.89954530844478
38.01836410380514
36.91701880451696
35.69775955992703
33.779696956392996
34.74371287784543
35.07311644881879
36.777044414260374
0.0
0.0
0.0
32.57416602451188
33.802901367465736
35.401999319302284
34.193302632058675
32.999676975829
31.820934432522574
31.615832202550948
32.58197961158097
====iteration: 56====
43.039879752284094
0.0
38.478279718007215
37.31476003918496
37.04036206538311
38.19463509534982
41.433241262951704
38.922897137248924
37.628541186294434
37.534303849659985
0.0
35.843354584086356
39.98837993414127
38.62630750384527
36.33916863170065
36.343169399254435
36.481167508548204
35.41361905534347
38.59371885378205
37.49237355449382
36.273028720318194
34.31647407548614
35.2596950121098
35.579450448379625
37.35239916423723
0.0
0.0
0.0
33.08835027105937
34.309237899270265
35.97735406927895
34.76865738203503
33.575031725804614
32.39628918249604
32.134627981779666
33.087481252631925
====iteration: 57====
43.60948095476125
0.0
39.00937280618758
37.84485486165737
37.54414268446292
38.69841571442962
42.00284246542886
39.492498339726076
38.193861919322224
38.09393963395069
0.0
36.34713520316616
40.557981136618416
39.19590870632242
36.908290963800106
36.896381926815344
36.99700672377537
35.92394236498431
39.1633200562592
38.061974756970955
36.84256739300897
34.86552981371989
35.77278119463289
36.08148759362342
37.922000366714364
0.0
0.0
0.0
33.598039678453596
34.8112859839793
36.54695527175597
35.33825858451187
34.144632928281055
32.96589038497147
32.64886668775669
33.5899052304288
====iteration: 58====
44.17338614521364
0.0
39.53854350032603
38.37336391756576
38.04288549735192
39.19715852731862
42.56674765588125
40.056403530178464
38.75390739829184
38.648921082162005
0.0
36.84587801605516
41.121886327070804
39.759813896774794
37.47176619732815
37.44702466115892
37.510841430118255
36.432062982112264
39.727225246711576
38.62587994742333
37.40641898484509
35.41085399621429
36.285384048557084
36.57932578069715
38.48590555716673
0.0
0.0
0.0
34.10456594673011
35.309061414730614
37.1108604622083
35.90216377496408
34.70853811873305
33.52979557542295
33.15867119125987
34.088176919211975
====iteration: 59====
44.731652283761505
0.0
40.065479091221384
38.89973266723127
38.536640882112025
39.69091391207873
43.125013794429115
40.61466966872633
39.308692255969106
39.199313128740876
0.0
37.33963340081527
41.68015246561867
40.31808003532265
38.029644918176196
37.9932236521895
38.022616089337504
36.937681588532136
40.285491385259434
39.18414608597118
37.96463725139442
35.95353203194468
36.795614210567884
37.07319733359959
39.04417169571458
0.0
0.0
0.0
34.60997327524182
35.80277512709675
37.66912660075612
36.46042991351187
35.2668042572807
34.088061713970326
33.66499550677911
34.58221460340336
====iteration: 60====
45.284335760923895
0.0
40.5899024036192
39.42366497404858
39.02545871302454
40.179731742991244
43.677697271591505
41.167353145888704
39.85823565456162
39.74488694235019
0.0
37.82845123172778
42.23283594278105
40.87076351248505
38.581979009204524
38.535029837706624
38.53207156158675
37.440782185462375
40.83817486242182
39.73682956313356
38.51727763487666
36.491898027268356
37.30355814994419
37.56765616099003
39.596855172876964
0.0
0.0
0.0
35.11298854660129
36.29283438004239
38.221810077918484
37.0131133906742
35.81948773444298
34.64074519113244
34.16945618941152
35.07227170156869
====iteration: 61====
45.831492403314655
0.0
41.11156837142631
39.94488934338989
39.50938836562793
40.66366139559463
44.224853913982265
41.71450978827948
40.40255995141341
40.28563342477656
0.0
38.31238088433117
42.77999258517182
41.4179201548758
39.12882051754254
39.07224146484969
39.03900606707043
37.94161530865576
41.38533150481258
40.28398620552433
39.06439542176582
37.026006374160914
37.809296541414284
38.065349707668695
40.144011815267724
0.0
0.0
0.0
35.613594524493514
36.782760149241824
38.76896672030923
37.56027003306493
36.36664437683367
35.187901833523064
34.67107560128563
35.55885589020062
====iteration: 62====
46.37317747928151
0.0
41.630260854130775
40.46318390421811
39.98847872170528
41.14275175167198
44.76653898994912
42.25619486424633
40.94169025232526
40.82152343153514
0.0
38.79147124040852
43.32167766113867
41.959605230842655
39.67022134460639
39.60483650429972
39.553197198400945
38.440288133727776
41.92701658077944
40.82567128149117
39.60604545276679
37.55571074451579
38.312937057220914
38.56134930311458
40.68569689123457
0.0
0.0
0.0
36.11220197349991
37.274996081173406
39.31065179627608
38.10195510903177
36.90832945280049
35.72958690948983
35.16989587804751
36.04470925585667
====iteration: 63====
46.9094457044887
0.0
42.14578975601072
40.97835262271115
40.46277817422186
41.61705120418856
45.30280721515631
42.79246308945351
41.47565407015808
41.35255270028487
0.0
39.265770692925095
43.85794588634586
42.49587345604984
40.206233177631496
40.13376499353356
40.07577780271195
38.94406141494234
42.46328480598662
41.36193950669836
40.142282067880956
38.08100977989416
38.82172112584895
39.055262551585606
41.22196511644176
0.0
0.0
0.0
36.60917875673162
37.76592125547941
39.84692002148326
38.63822333423895
37.44459767800766
36.26585513469698
35.666519283381234
36.53204280454585
====iteration: 64====
47.44035124744381
0.0
42.65798842555121
41.490225113737104
40.932334632213276
42.08660766217998
45.83371275811142
43.32336863240863
42.00448103727777
41.87881766757343
0.0
39.735327150916504
44.38885142930098
43.02677899900496
40.736907454857345
40.65914082567961
40.59679426880611
39.45379831095442
42.994190348941736
41.89284504965348
40.67315909861084
38.60337819105784
39.336506980564366
39.55351802470036
41.752870659396876
0.0
0.0
0.0
37.10993803288126
38.2549028420647
40.377825564438375
39.169128877194055
37.975503220962764
36.796760677652074
36.161461471316485
37.01826728104448
====iteration: 65====
47.96594773496937
0.0
43.16671130985663
41.9986620683863
41.397195525624774
42.551468555591484
46.35930924563698
43.848965119934185
42.52820264902809
42.40033620952625
0.0
40.200188044328016
44.914447916826525
43.55237548653053
41.262295340664906
41.18006006336084
41.11543635762593
39.962256733280505
43.519786836467304
42.41844153717904
41.19872986811891
39.1229964757766
39.8501937862545
40.05752073779711
42.27846714692244
0.0
0.0
0.0
37.61563277522662
38.74750552218234
40.903422051963936
39.694725364719616
38.50109970848832
37.32235716517763
36.65875868995292
37.50267619739898
====iteration: 66====
48.48628825761968
0.0
43.67183183933604
42.503536186919796
41.85740781010216
43.01168084006886
46.87964976828729
44.369305642584486
43.046852033389506
42.91702998907321
0.0
40.6604003288054
45.43478843947683
44.072716009180816
41.78244770452974
41.69646171607559
41.63020495442595
40.46893876467012
44.0401273591176
42.93878205982935
41.7190471931154
39.638451011964754
40.362296799383536
40.56097107063927
42.79880766957274
0.0
0.0
0.0
38.12130417015705
39.2455071157788
41.423762574614244
40.215065887369924
39.02144023113863
37.84269768782792
37.15925946087457
37.990006427416255
====iteration: 67====
49.00142537504349
0.0
44.173240520153975
43.00472686817745
42.31301797173477
43.467291001701476
47.39478688571109
44.88444276000829
43.560463743769624
43.42890660284104
0.0
41.11601049043801
45.94992555690064
44.58785312660462
42.2974151026952
42.2081403645826
42.140855352759004
40.972038092450376
44.5552644765414
43.45391917725314
42.23416338625172
40.14965073438926
40.87086511008315
41.062803020751
43.313944786996544
0.0
0.0
0.0
38.62625338241941
39.74360340525396
41.93889969203804
40.73020300479372
39.53657734856243
38.35783480525172
37.65951061017356
38.4822189586376
====iteration: 68====
49.51141112129306
0.0
44.67084321409039
43.502136205592784
42.764072031751056
43.91834506171776
47.90477263196067
45.39442850625786
44.069073572588636
43.93596114110879
0.0
41.56706455045429
46.45991130315021
45.09783887285419
42.80724776214298
42.715082804540074
42.64700749457079
41.47125997699284
45.065250222790965
43.96390492350271
42.744130258790236
40.656244989886574
41.37559036114402
41.56128731417328
43.82393053324611
0.0
0.0
0.0
39.128340989165515
40.24035581441445
42.448885438287604
41.24018875104329
40.046563094811994
38.86782055150129
38.15915800150121
38.97496512427344
====iteration: 69====
50.01629701008014
0.0
45.16455958744081
43.99567946288305
43.21061555116717
44.364888581133876
48.40965852074775
45.89931439504495
44.57271838360333
44.43821095149335
0.0
42.013608069870415
46.96479719193728
45.60272476164126
43.311995566607024
43.217252494172826
43.1485827689115
41.9661367702982
45.57013611157804
44.46879081228978
43.248999123486534
41.15819792256923
41.875965633802
42.05598879163474
44.32881642203318
0.0
0.0
0.0
39.62696854958049
40.73404053637966
42.953771327074676
41.74507463983035
40.55144898359906
39.372706440288354
38.656081845320784
39.46663999446794
====iteration: 70====
50.516134039979335
0.0
45.6543217123865
44.485286344276396
43.652693635389134
44.80696666535584
48.909495550646945
46.39915142494415
45.07143596112633
44.935673223562375
0.0
42.455686154092376
47.46463422183649
46.10256179154047
43.81170804442178
43.71466032879907
43.64549426725352
42.45656764226692
46.06997314147724
44.96862784218899
43.74882079765277
41.655435486356446
42.3718820376841
42.54644381019441
44.82865345193238
0.0
0.0
0.0
40.121504681481234
41.22408302248476
43.453608356973874
42.24491166972955
41.051286013498256
39.87254347018755
39.149654388308626
39.955509566951775
====iteration: 71====
51.01097269957954
0.0
46.140072805887876
44.97089779342615
44.09035093876888
45.24462396873558
49.40433421024715
46.89399008454436
45.56526487447979
45.428372001846526
0.0
42.89334345747212
47.9594728814367
46.597400451140686
44.30643435801918
44.20731622191726
44.137731234597695
42.94244232612918
46.56481180107746
45.4634665017892
44.24364560637906
42.14796056110722
42.863217510023325
43.03251583161537
45.323492111532595
0.0
0.0
0.0
40.611743756538445
41.70999668036661
43.948447016574086
42.73975032932975
41.54612467309846
40.36738212978776
39.63920895840993
40.44088498537871
====iteration: 72====
51.50086297258375
0.0
46.621766092619595
45.452465371995196
44.52363166911482
45.67790469908153
49.89422448325136
47.38388035754856
46.05424435618593
45.916332968106985
0.0
43.32662418781807
48.44936315444091
47.08729072414489
44.79622329490846
44.69524301913152
44.625288373475954
43.42374320742104
47.05470207408167
45.953356774793406
44.733523385892475
42.63577389628231
43.349950300680916
43.514091923116546
45.8133823845368
0.0
0.0
0.0
41.097520571192064
42.19160484189297
44.43833728957829
43.229640602333966
42.03601494610266
40.857272402791956
40.124519499579925
40.92224667128543
====iteration: 73====
51.98585434285791
0.0
47.09936377978647
45.92994978102483
44.952579592157306
46.10685262212401
50.37921585352553
47.868871727822736
46.53841419254374
46.39958466082081
0.0
43.75557211086055
48.934354524715076
47.57228209441906
45.28112325998852
45.17846536591079
45.1081810998937
43.90045928677549
47.539693444355834
46.43834814506758
45.21850348703567
43.11889636612293
43.832065107913444
43.99114480043342
46.298373754810974
0.0
0.0
0.0
41.578784054034706
42.668784219003726
44.92332865985246
43.71463197260814
42.521006316376834
41.34226377306612
40.60540868071778
41.3993808856949
====iteration: 74====
52.465995799429336
0.0
47.572836132851585
46.4033200233336
45.37723803596936
46.531511065936066
50.859357310096954
48.34901318439415
47.01781462537334
46.87815714004127
0.0
44.180230554672605
49.4144959812865
48.05242355099048
45.76118226905826
45.65701218299842
45.586428944374255
44.37260440533392
48.01983490092726
46.918489601639
45.69863477884892
43.597350860701304
44.30957350660489
44.463661536052534
46.77851521138239
0.0
0.0
0.0
42.05550482449826
43.141495940974075
45.4034701164239
44.19477342917957
43.00114777294826
41.822405229637546
41.08181979201283
41.872151268525805
====iteration: 75====
52.941335841435055
0.0
48.042160642282724
46.87255245639257
45.797649895343305
46.95192292531001
51.33469735210266
48.824353226399865
47.49248626382925
47.352082071722556
0.0
44.60064241404654
49.88983602329221
48.527763592996195
46.23644794340247
46.1309139650425
46.060057891581685
44.8401970409262
48.49517494293297
47.393829643644715
46.17396565224091
44.07116626919468
44.782491951223044
44.931652958247554
47.2538552533881
0.0
0.0
0.0
42.52768529301284
43.609723012335365
45.8788101584296
44.67011347118528
43.47648781495397
42.29774527164325
41.553720914320785
42.34050792024479
====iteration: 76====
53.41192248302071
0.0
48.507321272393
47.33763004697132
46.21385763612351
47.3681306660902
51.80528399368831
49.29493986798551
47.96247000529153
47.82139229667484
0.0
45.016850154826734
50.36042266487786
48.99835023458185
46.70696750534393
46.60020307846769
46.52909629475133
45.303263091989805
48.965761584518624
47.86441628523037
46.64454402373531
44.54037316305659
45.25084495364948
45.39513640245113
47.72444189497376
0.0
0.0
0.0
42.99533704759813
44.07347256516154
46.349396800015256
45.14070011277093
43.947074456539625
42.768331913228906
42.021113818063085
42.8044292803916
====iteration: 77====
53.87780325819051
0.0
48.96830778422602
47.79854165975623
46.625903299495896
47.7801763294626
52.27116476885812
49.76082064315533
48.42780696444048
48.286121723609355
0.0
45.42889581819913
50.82630344004766
49.464231009751636
47.172787774662474
47.064913015175904
46.993575021738096
45.761830934613556
49.431642359688425
48.33029706040016
47.11041733928129
45.00500434690751
45.714659712428315
45.85413652310989
48.19032267014356
0.0
0.0
0.0
43.45848135495359
44.5327601824045
46.81527757518505
45.60658088794072
44.412955231709425
43.23421268839871
42.48401029986615
43.26391903835495
