====iteration: 0====
0.06880315790341995
0.0
5.26747438900163
4.312752161537296
4.207847338333762
4.3260157595008435
-10.027594392754239
-11.040786295948623
3.346297905547704
3.114613438602486
0.0
-4.383268126600977
-9.977284720302858
-10.162440319267754
-11.29379112679335
-9.715542322547687
-2.751444124439861
-3.4310371355219287
-10.029836881790485
-10.122186987544342
-10.512610201183604
-10.497338518531047
-7.6968789455567785
-2.4240280768007536
-9.954427194528948
0.0
0.0
0.0
-8.053499227159737
-3.059174121942185
-9.406070965743991
-8.487840678883066
-8.0263637045287
-7.975649921701551
-7.51781029760347
-3.137328387183517
====iteration: 1====
99.89975106274065
0.0
88.57216951498468
87.42628526160836
87.3340249108366
88.4882979408033
96.74585932995444
81.70101125157275
86.85948337265862
87.50263157228129
0.0
86.13701742953982
60.0057966246174
58.79528993892161
81.92332797155554
83.94662912518382
66.41377112276628
45.49604483120577
29.739350548337345
32.556721823754515
37.57450043934112
47.18692262796912
44.45127344665461
43.50715546018241
29.814036911896004
0.0
0.0
0.0
34.9427856802934
35.818848421827916
30.24183573952173
30.728511354920496
31.167857498285656
31.61275137343416
32.06326302655717
32.159523056552416
====iteration: 2====
99.96023347147226
0.0
88.716464990649
87.58683651143295
87.38494473837595
88.53921776834267
98.33134195054168
95.64073356861314
88.38423200812437
87.81111946214338
0.0
86.1879372570792
96.70621636550548
93.88164358209715
86.87597002388699
86.6896233520776
86.70180870130137
85.24297361079157
95.10065993440318
92.27055980290218
86.28104655579757
84.66016459788972
85.46590747488277
85.43073938110585
76.78158127232074
0.0
0.0
0.0
83.26738061315767
84.19989612544916
77.80261394731863
78.96416744630534
80.01275784248627
81.07458792933414
82.1498248746735
82.99512057102127
====iteration: 3====
99.97951478512464
0.0
95.01715078011297
93.8465718184505
87.40117757675822
88.55545060672493
98.37287629579222
95.86253217008942
94.52364411310698
94.37536198324256
0.0
86.20417009546146
96.92801496698176
95.56594253668574
93.2738457087563
93.15363903004331
93.07705607494917
91.28555909609618
95.5333538866225
94.43200858733422
93.21204828629438
91.09044301730259
91.76927652783137
91.66394390863248
94.29203419707763
0.0
0.0
0.0
89.48575746051289
90.36231111376114
84.91473110048132
84.86602676326105
85.98887783410592
87.1258455659878
88.27711494972618
89.08530514430616
====iteration: 4====
99.9884482810045
0.0
95.03388363485759
93.86342444045665
92.64303515023468
93.30919214066984
98.3818097916721
95.87146566596931
94.53344421873197
94.38613410372696
0.0
89.20795337168711
96.93694846286164
95.57487603256561
93.28287562504003
93.16447761748115
93.08859340464711
91.59708949614419
95.54228738250238
94.44094208321417
93.22099366961865
91.10170109444621
91.78457054712624
91.711639679929
94.30096769295756
0.0
0.0
0.0
89.50447038031784
90.40670905941008
92.17559622941057
84.88849956796375
86.01097650085491
87.14762595142037
88.29862688457614
89.12714895748323
====iteration: 5====
99.98955283240498
0.0
95.03500226610788
93.86454353035103
92.64415594314025
93.31559823929743
98.38291434307258
95.87257021736978
94.53455033458604
94.38724445799075
0.0
90.90466894099433
96.93805301426212
95.57598058396609
93.28398035050415
93.16561274968286
93.08996530563661
91.76824345790747
95.54339193390285
94.44204663461461
93.22209824247898
91.10304715019257
91.78791629819042
91.7331132210694
94.302072244358
0.0
0.0
0.0
89.509497604078
90.42607390644856
92.92668112071671
91.71716354688456
86.01583673913724
87.15329140726338
88.30478141256127
89.14464311142783
====iteration: 6====
99.99045633221465
0.0
95.03591048332434
93.86545392271202
92.6450667313779
93.31808511603175
98.38381784288224
95.87347371717944
94.5354543585607
94.38816932846002
0.0
90.90738110429164
96.93895651407178
95.57688408377575
93.28488390863325
93.16672166509042
93.09279840561307
91.7851374445153
95.54429543371255
94.44295013442425
93.22300174947871
91.10569104110148
91.80477995024194
91.87829652831398
94.30297574416763
0.0
0.0
0.0
89.5386702714293
90.55682224020792
92.92793046462099
91.7192333394817
90.52560409949452
87.19059265762165
88.34312753029218
89.2636855430378
====iteration: 7====
99.99092406689658
0.0
95.03637946022197
93.86592318028659
92.64553638331263
93.31893495553808
98.38428557756419
95.87394145186141
94.5359222312689
94.38863839311212
0.0
90.90828515839893
96.93942424875374
95.57735181845774
93.28535165867224
93.16719619776178
93.0932900938506
91.7857202713315
95.54476316839451
94.44341786910624
93.22346948605404
91.10617796547925
91.80531834694989
91.87892959326645
94.30344347884963
0.0
0.0
0.0
89.53930982766447
90.55760252047526
92.9283983810862
91.71970168718781
90.52607600787593
89.34667718869906
88.55948210891235
89.2881093129472
