====iteration: 0====
63.457897667820774
0.0
62.170565985902584
0.0
97.19820229670714
96.92538210391245
96.6621976401637
84.79778127738665
84.37634885926204
73.41867360681785
70.29038994731992
8.614748543689194
8.374466919990596
7.777909121965607
4.260477313784263
4.9076315950967935
-1.2572375147221493
-1.2261373079178457
-1.0410186883455392
-0.8413692449890178
-0.32193189347472106
-1.348265622983422
-2.1060691337828934
-2.1657004943852454
59.77145596218446
36.72616190278764
58.354048055362895
55.75281711817432
0.0
94.44244181330465
94.22975025374032
84.48978664490896
79.43627166528633
43.29937371454209
42.27227105030235
11.816319499613604
8.575878487919695
8.292345493291357
3.8446793051770243
0.4832353986686086
-1.228174996504265
-2.4261009870686547
-2.3385611659094447
-2.276211791322433
-2.2440757774819446
-2.613069134325961
-2.169345658840578
-2.149912754540246
33.876770747932255
32.86893807469645
34.01458380257791
30.47817215723918
27.72664457484722
17.67916759969065
7.500578476575102
15.209924488933794
0.0
26.182185732390334
10.718803951173301
8.518758654364463
8.36568791988896
7.785217331943101
3.8084128967038486
0.33389088813979434
-3.895166634008932
-4.1663543698552505
-3.9660376420697694
-3.792999582257593
-3.7307404204181864
-2.697034542721762
-2.20251746788411
-1.7911331766555139
19.87535221746068
24.677856131570355
32.381776494253565
30.702826893780347
27.38798610103705
24.5387820625299
4.097120416683746
9.549585218828716
9.700525525166
12.120110909017338
7.954752986548318
7.7153826705052095
0.0
3.8296350773833296
3.4036390497440983
-4.445969647480277
-4.380663947954507
-4.227210805934165
-3.9861528509416226
-3.9032097828836894
-4.6908233152681476
-2.862024223270324
-2.2372657121285138
-1.7117389707346284
19.577078757672343
0.0
0.0
0.0
23.07274744196773
0.9866903937737319
0.9630249314321275
4.055317471588902
9.590572687515529
8.543220739736192
8.318346107131978
8.100483657040954
10.601337164904411
4.076134381324346
0.34181302998279883
-0.09484893126108704
0.0
-3.081935309176931
-3.4645548394606163
-3.9720836108915965
-5.0264362157003415
-1.4089208599338634
-1.459108766969102
-1.4005578566230379
16.789266072235918
-3.4090368624345704
-3.3682722545318
-3.322368036917857
-3.293767783656491
-1.7077498233345583
-1.8558892859563811
3.8521703956369713
8.73231033044001
8.037478540928385
8.132370783996839
7.970097139363836
5.233644576399405
4.585159822733463
1.2128227198360597
-0.10003558890807618
-0.09429174657902585
1.2182645465713742
1.1726176416169454
-0.9127655945779389
-4.202268287995013
-0.9176394603804033
-0.8250703087711391
-0.8261443363821186
5.9227829575555
-3.674321393807673
-3.6704940455632715
-3.4814525097603255
-3.479365949762782
-2.98250822276363
-2.5604497181011094
3.534548049637006
7.853730589861516
7.993646720639881
8.999520367193506
7.755737714006108
5.98942282257459
0.7762128981157772
1.0213765583400278
0.24339539457370044
0.3468483192214371
1.4539925272634686
1.4929766302060126
-0.723178139419133
-0.9350220299277953
-0.8548867949405378
-0.7731830895178559
0.060912964781921465
-3.9391937816559253
-3.936665434473022
-3.9081446449799118
-3.603768292243584
-3.5945972552808607
-2.960059871845112
-2.0388904953021987
3.2558772841232666
7.058268028557508
5.618892357692206
6.895000853235961
6.866324144382984
0.8244320889069228
0.15436999832570317
0.08539236995532293
0.1885201417075812
0.2763468863099283
1.9293832946241847
1.8442888164898052
1.4929542990684022
0.9477989256123313
0.16742479450089334
0.25894338120546817
0.21651658447322528
-3.938723921358829
-3.9390960776729482
0.0
-3.7585349925983724
0.0
-3.3904847470612127
0.0
0.8743169762803913
3.89275908349146
5.40147191909937
6.124937455118593
1.7149221624149642
1.5085401919283847
0.5048629880258197
-1.262145188275585
0.11705205774362717
1.3411166134954804
2.2215769527728897
2.1057874923381825
1.4537662181916666
1.0397476842243694
0.8790099538137527
0.3295278703823453
0.2645082181839547
-3.928940967215337
-3.935229627063568
-3.903889806344818
-3.8883420239885593
-3.831898064957331
-3.758105685339648
-3.778662653014949
-1.011990017433983
-0.8439897524435737
-1.4979408368087554
-0.9788207920674826
-1.20573161040157
1.1002635328918096
0.657405956388745
-1.6207170669669135
1.1533032382838786
2.2334989686583473
2.424738427655691
2.0581930036994702
1.9234274173449928
1.071779439326694
0.9892796550573437
0.3236911125040475
0.22363096817719316
-3.9118096804199074
-3.907259461800562
-3.9006740542153464
-3.8920116861023097
-3.901545927382366
-3.936346737324525
-3.920312480375447
-3.9387354451581222
-3.916125925893151
-3.67733856157924
-3.6224625019213543
-1.4868778342717626
-1.3452533914890645
-2.260460352434196
-2.222056955153102
1.781463571293588
2.226212130733322
2.575639264633129
2.630245406321
1.913763981516017
1.7179199741036058
0.9439840387274612
0.3076582259822114
0.22823241379133133
-3.9219633732646586
-3.9223868989306188
-3.8996505353153115
-3.8943777469458727
-3.89711616190808
-3.9418858894541677
-3.9255107853796996
-3.943090104220276
-3.942087434615436
-3.9136417228332934
-3.8777617885252678
-3.678670363810638
-2.3882362607707837
-2.3575708979123644
-2.335630522910005
-0.5637402901108257
0.052896042099663025
2.954480021754171
4.309323093915138
1.744151727463013
1.375342885331529
0.872705592966288
0.29249026851930665
0.025034744274305416
-3.9240486166302637
-3.93288207848196
-3.9304399401986876
0.0
-3.9039594953416996
-3.9487861800431223
0.0
-3.949725481365374
-3.954185674591952
0.0
-3.833642031487329
-3.8110136367384717
-3.5127340801883737
-2.4634064312465926
-2.1045974899886146
-0.375857150398786
3.2228192556545916
3.235691863179977
4.90431096531771
5.105680320070812
5.59740209551528
4.959626789851551
0.6868174321399015
0.042477192297375004
-3.9581981251772937
-3.95601958299758
-3.9345410424761
-3.9391523554232637
-3.937519254875699
-3.950465131057808
-3.9513188746515224
-3.9512942402349
-3.9541671239576393
-3.9522807303083947
-3.7726819119551047
-3.743184336780132
-3.1449924076372584
0.48227882866574884
1.1891941180429233
0.15245563282144295
3.7623007233440475
4.351352090934244
4.788201293825156
5.184426789466858
5.3864873386925725
4.849921148512901
4.330078841629556
0.4686765486314948
-3.9579463721212345
-3.957302543363103
-3.9565986350207383
-3.956011640520272
-3.951601597371843
-3.951346783466234
-3.9532015005881087
-3.9503176992355318
-3.9477808140512476
-3.932388653979229
-3.7510421595599643
-3.371380472275387
0.046358716129570994
0.9039638524929564
1.4727346512304476
1.60302141064136
4.237980035154645
4.475876941974694
4.648234367473257
4.574843154250687
5.174057518406022
5.000940162331566
4.6565779447237885
3.0628692022692627
-3.958627769447502
-3.959932768999633
-3.9686684724161685
-3.963756922100268
-3.9628119177241232
-3.954337966902144
-3.965196803021723
-3.9212586002602077
-3.915835615756237
-3.9019401259139226
-3.6345680431655967
-3.611706423110858
-3.2140772082413185
-2.7287258520082593
1.2671384734050501
1.3607432021239774
3.6430266063073824
4.078244077912457
2.1487962091450066
4.24482883733041
4.533974222796466
4.676763674569963
3.103011631026173
2.952895218828423
-3.9687945107665104
-3.968999016068714
-3.9699963882698466
-3.9755224814264065
0.0
-3.9731226661040626
-3.9716412038760227
-3.9276611864253956
0.0
-3.8768930083247817
-3.6640992071274723
-3.6536541155620132
0.0
-2.3501500074987547
0.8452114209439612
1.1548880982199425
0.3388912739853507
1.6504266519960937
1.7233065669652878
3.8502590272505364
3.614141601194511
3.6309339912873924
3.468358192450052
2.344726337488515
-3.97592468176293
-3.9767008638766934
-3.9764273326265047
-3.9759453513525886
-3.973698976962071
-3.973011609491637
-3.9637053741151393
-3.959014233889083
-3.9565880617377887
-3.698404872679726
-3.6692558037160636
-3.6479803576283847
-3.545798100924101
-3.3977797540556676
0.5517962101173463
0.9928606269023967
0.642367723710676
-0.7892393757321143
1.5388524469061482
1.631792492635389
3.3294827958202076
3.4907790722146634
3.2878864641867076
2.3778913447077064
-3.9808132209556932
-3.9765798097686207
-3.9761996176212353
-3.9759060782263704
-3.973215527513778
-3.9650216988268685
-3.962710351930682
-3.9489935213703213
-3.933086413246967
-3.7226795048298853
-3.6785179502236716
-3.6748928584621496
-3.660963769023637
-3.2004721417076722
-2.809950153074614
0.3306374808880041
-1.3887432815896144
-1.2186459088498083
1.1708078800818595
1.502347924069779
1.3545711587332407
1.276467462483361
1.3953740437448467
1.1133588909248078
-3.9840224126276937
-3.977485418025341
-3.9762691372114003
-3.9757315829438373
-3.973608764782687
-3.9723158356824975
-3.97112072301397
-3.9486621651848517
-3.946305378703379
-3.7437909097936672
-3.6843776328805578
-3.640033160885291
-3.6305257527664017
-3.1816413929901595
-3.1386927990412246
-1.440230820695196
-1.5919487924890747
-1.4609265026953444
-1.326960136704286
-1.0667105650847364
-1.2613854129100646
-1.0292816986731594
0.9994053509808798
0.36572805526860414
-3.9859403824184954
-3.975905604420734
-3.9759304691428867
-3.969170172278183
-3.9679272216491577
-3.9668195013407956
-3.96740074623667
-3.9623143817652826
-3.935555517833238
-3.816591025211738
-3.80706866632388
-3.6449890594673753
-3.4868164917629167
-3.423862700929282
-3.0369301040906818
-1.7387268156148443
-2.5999711835678436
-2.518407713184784
-2.4828407670451424
-1.2573852782849408
-1.2801310107345174
-1.1780109492291002
-1.9804783232152634
0.0594409538348059
-3.9870651869792875
-3.9743900437565998
-3.9737282047439026
-3.969800675145095
-3.9682300070044056
-3.9662348319018297
-3.965399973954243
-3.964592151239121
-3.9615542499754337
-3.947231535238127
-3.834274793979203
-3.922440179521422
-3.7950797840310972
-3.1044026860092497
-3.0176395608604256
-2.6773928772267954
-2.700153062490607
-2.7737249574689367
-3.200982437658669
-3.1889472937465904
-3.4087331411244723
-3.3160907659039967
-2.310264255022743
-2.190817999629144
-3.98853444896872
-3.9759494788103127
-3.9738504852840193
-3.970455001011471
-3.969673409718239
-3.969282065937054
-3.9650050984321883
-3.964469158091514
-3.9597228912165128
-3.9589382207510293
-3.9575421950625853
-3.9484444460117465
-3.8629455542861026
-3.388707423543122
-3.35844293355645
-3.300456734761096
-2.851146651127889
-3.4938299489991187
-3.2458126940052026
-3.280340771328303
-3.4403275382730505
-3.421608108086336
-3.4248571326939206
-3.302668815816409
-3.9892332503779957
-3.9743811789465413
-3.973907512589397
-3.97116449678746
-3.9715492308135794
-3.969425513489932
-3.9657261096368948
-3.9646961795837714
-3.960465007042842
-3.9585418036125337
-3.9580144410579137
-3.9573888104222137
-3.9098492318318274
-3.853551479342278
-3.3925091174581734
-3.389117897920155
-3.5210810242776294
-3.598789513707831
-3.60685822372319
-3.5753321190522764
-3.5651997559869884
-3.442757798295047
-3.433280908452996
-3.366608910838519
====iteration: 1====
99.93433545620806
0.0
99.93202217803828
0.0
99.99496529328592
99.82532431731785
99.63854790020538
98.18410034644742
97.94989086069248
96.45899712894537
96.32646761593087
94.919404259166
93.54819047826813
92.20867013670271
90.89730905016913
90.52685095402795
89.20001852310766
70.4565443710955
71.27293091565164
72.31595484704278
73.40505204517193
71.81795342309705
66.24256963057078
60.92393834785653
98.31883388747484
95.73669015736269
98.3329002190452
98.4796319718532
0.0
97.41879207334634
98.10833482837609
96.87065488972839
95.86964199716783
94.67972953797285
94.89567645698739
93.65526524890733
92.4323416368677
91.21106372865955
89.99251596991776
89.27847578485988
88.00001188923768
71.45636388565754
70.5422261636318
71.3220281137808
71.7688562249679
66.78966825264565
28.744186643269654
24.942165216458037
96.80217295425503
94.85755856492976
95.87215746262102
96.9927025829501
96.42593406537158
96.3367858429205
97.72776442677963
95.84523441926125
0.0
93.34932103238162
92.53982700511027
92.33251365220428
91.27425333625068
90.06102208491113
88.83404321943475
87.5241376758663
85.86574312261726
71.9713706784109
69.8792620395778
69.95588193830572
66.58373037120528
28.869691025781542
24.976184678507003
24.83280661677744
95.29159616465887
93.24308985423437
94.26994823153558
92.41220997644419
91.53760493900529
92.00526884630021
91.44716155085067
94.02021591048637
91.89516918689937
93.11195287903175
91.73453837256959
91.19758016263302
0.0
88.70675265032591
87.23742452519247
84.53592759765365
79.54218164052084
32.399878783651765
30.61162084173155
61.27798094158133
29.123212068240683
25.425305032281248
25.285270968477377
25.17976033101068
94.05272497684325
0.0
0.0
0.0
89.30951354325546
90.61369368133964
90.34833598577205
90.82758440466914
91.84779044147282
91.66602668577863
89.58059851669309
83.99508608182528
84.75161768287202
83.96841974575715
83.1025915053308
78.5762448388876
0.0
27.19035873888835
26.992988321636567
26.465832899970938
24.60100347481911
25.352204056967476
25.651823678322312
25.535366886091584
92.66158225288352
91.30289037666456
85.63390573469998
86.82312959822785
88.11319045535484
89.14364521656884
87.82782074276756
89.05241466316812
90.27883513707143
88.47724405862141
80.19632956421435
79.62924297394639
83.06974623015932
81.85071325850238
80.83988493637305
79.05315581805694
27.267181079326818
27.609936640403845
27.425581556966712
27.018910589785882
26.655883887505183
25.78041491921166
26.07833432968227
25.894639000917394
91.30289037666456
90.06656271872033
85.1806373203084
85.68329036369302
86.13256741848843
87.48230941143945
84.78707252137937
86.86563619772775
88.00200533540207
80.21738407459007
80.29525043631823
79.17462015745056
79.5804801006143
78.65304398022043
79.06075897543057
73.62595111372896
27.69214981314097
28.074984343048527
27.851363650888484
27.45210596783877
27.10820947433479
26.834032702797483
26.519465128736503
26.249418954814598
89.93071770911206
88.44793188747092
83.3608503227877
84.23716233082358
82.46317127379768
83.09638509882963
83.78373931943855
84.76676839142331
85.95379677549492
79.84191484890736
79.19567466782627
78.15694698024807
77.2760304727352
76.38519267028198
73.36182379551433
32.56272189834837
28.25601743189695
28.556983625807124
28.275512580064888
27.877870407539696
27.492305899487057
27.22960254985539
26.899307553703267
26.598611706982805
75.52977734545821
77.77290575358226
0.0
83.13622293108052
0.0
82.01026850649257
0.0
82.13852988487551
83.04325899659219
79.15341995389238
78.15547242868398
77.13495470899439
76.1344640368354
75.11087032392018
70.02033197312356
29.646609922441097
29.679980753850977
29.040891874349885
28.698759695539113
28.34272820870439
27.982579640520918
27.6323965304679
27.28694401881704
26.947518870809397
76.25417770368945
79.08643594652578
80.41979547242073
81.63896814996394
79.53583584574449
80.68696663724018
79.80689763011117
80.97383617050808
81.40695747557825
77.37714802199375
77.05456212898511
76.11253866962652
75.08387757680148
73.63932277429134
33.4318218116979
29.871746172685192
29.113867391098868
29.422161911433953
29.688097779094345
29.23592949993734
28.822471909340955
28.438569145372703
28.07151269254291
27.716585552061467
76.9140801262335
78.13090828942201
79.19895443162943
80.25608603992552
78.76577671434669
79.47658084697154
78.93725490002048
79.81885554419556
79.92768405639073
76.68038559154036
76.00903721069572
75.05572556583702
73.63386344294594
68.45420440393515
29.113725840824753
29.076494466503267
29.435886141749606
29.849484141170464
30.20442223330984
29.869192394914
29.679757944072733
29.450386189438213
29.168828485350865
28.850185495130283
76.01745992125578
76.93202337501722
77.92993056824646
78.94758388705901
77.88061723710761
77.00641863766947
77.71584454769085
76.90906983675532
75.05257003363772
75.54191737435701
74.95857199885536
73.94763841182612
71.94602043817243
64.11375625497868
28.438547489801454
28.756821640616565
29.826726367901408
30.285415772339555
30.722597645050943
31.251400456704946
32.42380734872906
32.01570939293341
31.36431273223295
30.762494091216034
75.11917832829411
75.92970705720198
76.80029345518383
0.0
76.73496404486582
75.72925148403726
0.0
75.71862367450618
74.24830621796872
0.0
28.595067283008017
35.00465658505538
31.424129441485633
28.39990259555415
28.50343884179957
29.502965447607153
29.974545733258356
30.687308950508545
31.150768331069102
31.616073789045064
33.082473678566195
32.500895939024474
31.930429809395594
31.371860058537337
74.21924603577247
74.9256602023399
75.57687328680468
74.48365953694585
75.47949095622383
74.46427891836024
72.87015351028712
70.1728654054247
30.6029887795057
27.72848997321247
28.205564944274677
28.65368439759597
28.371490357868115
28.419214869808712
28.80186744902108
29.870258001602487
30.373399806267297
30.89494899668367
31.40732123117434
31.941841552930356
32.49358302284571
32.030073085928514
31.562397414197203
31.095235539479777
72.96845183113764
73.89260552069281
74.42514498437646
73.67045438259368
74.2604540871968
73.00779253894216
67.88635368938635
30.159963498200515
26.45395798643834
27.117952748690588
27.49349512607726
27.858868919461713
28.216446296678495
28.65221825862492
29.131521696156774
29.6338975196487
30.081574271640495
30.528596708012756
30.973861982908474
31.484409821469743
31.92944096029267
31.49081527774709
31.05477432959147
30.626541955203724
72.10390851478466
72.8797139298082
73.32289575228762
72.76333827063232
72.70552773458876
67.96094692121527
30.11459679150698
26.33973316415375
26.292391673872626
26.655737808405416
27.039878884390355
27.431104392228438
27.82965788877439
28.358650005581158
28.789030930719345
29.22313973654208
29.65639572395823
30.09751259304021
30.53439295172842
30.95349691279276
31.384234236624952
31.03713617501198
30.59995319148657
30.23917991852184
71.23481243751704
71.88640728813311
72.26172252144718
71.85571324533352
0.0
62.550646209097685
25.99562698174158
25.964344829661165
0.0
26.21742412307043
26.601248242170023
26.9901276083775
0.0
27.890828079513692
28.29534636248732
28.702449972905487
28.256966580305622
29.571542406191305
30.079074957882288
30.507584887565795
30.864066578181877
30.58107312410033
30.152266124906003
29.735034674695797
70.32028469755943
70.51605086083173
67.28069531707729
31.402282642256303
27.667151836934725
28.49688408959411
25.158897963924733
25.524005242276008
25.35073246007193
25.769585867286388
26.14377610466647
26.52393742742493
26.97904300183042
27.417808970392258
27.807232327299218
28.199607862345403
27.82197537372623
29.06919997268707
29.638251553883045
30.062034917670506
30.36227134934416
30.12873562252764
29.724091562607615
29.31016537327973
65.2255296127761
31.46457644159283
28.13583916635016
24.40854907377208
24.23524434978179
24.431660251958498
24.354509057040765
24.666501509000952
24.972777654361266
25.33629282075967
25.698684451246677
25.50117404180331
26.6069014484247
27.003162282219932
27.402619092795973
27.73739497247202
27.58991853574241
28.777131478997998
29.21461773744942
29.618288610705193
29.877428934268494
29.680037008612175
29.304721526328525
28.938908665383703
26.458119251045726
22.63327987347727
22.05695214853279
21.67933487005121
22.085317173513193
23.8642314749791
23.919346273078588
24.263264077465973
24.614195295535694
24.976108242781464
25.341918879678882
25.711953685097857
26.15660990399806
26.534146990070887
26.913572950350037
27.296609907483784
27.31488329230006
28.305647578720524
28.787980641633325
29.178787415294064
29.405221102284372
29.2379056430281
28.89118121505331
28.56788376865353
21.37469232579014
21.10365237263005
21.64020360965272
21.90569480115475
22.244218097752746
22.572363383962507
23.56231986330017
23.90795404772361
24.26007887221094
24.616712226160217
24.99827058365395
25.366951555048747
25.741788099394615
26.11422454022655
26.49246760339808
26.87490668223773
27.01205072699645
27.859307854980422
28.363612376198446
28.742265982405904
28.94569948000302
28.801062406344617
28.48450204258659
28.19642089403347
21.02340926662083
21.32082235052285
21.690051634745583
22.049910287673622
22.429473792622655
22.826311428171667
23.22472292380492
23.564121592906133
23.90783708996199
24.26209594634642
24.634551826893443
24.99926355709031
25.35194262558141
25.719851473571993
26.092140112303735
26.470235629836065
26.689007562597745
27.43298724280557
27.941694558133527
28.311145920928585
28.49563547841769
28.37163332968232
28.082418803890388
27.82626469701808
20.8296184699241
21.142484493348825
21.46524832679368
21.789535069393093
22.118965331743265
22.603290916731098
22.93129505105515
23.25526429348317
23.58308630491006
23.912844575522783
24.27757238989118
24.64310575190739
24.993297752570257
25.349420445097955
25.716311617670886
26.078468420502602
26.354369703112056
27.019509346791644
27.519762725040458
27.828620233502328
27.50193058598588
27.892475621831185
27.68070380386964
27.456269508260192
20.642036072577547
20.930630312208702
21.219213712832822
21.507899061337227
22.12115215991484
22.452039703693835
22.767557037938108
23.085880070147276
23.40710732374774
23.73200568718784
24.059924501749716
24.387896740223983
24.714751386491642
25.043451257773494
25.372136946236854
25.701066621976437
26.011226450403353
26.617321025470282
27.098812583732286
27.36364526962845
27.077008251291982
26.53938184881616
26.756269955451447
27.029864098835905
====iteration: 2====
99.99907390947598
0.0
99.99904128448736
0.0
99.99992899373274
99.83192084319552
99.64694217240199
98.20884142438094
98.06121388388325
96.64658725631361
96.51959083446951
95.11429047584323
93.74404475779497
92.40492991835451
91.09398117033876
91.04736161201879
89.7215673260059
88.42557581156159
75.38804589097921
76.34083801238519
77.46460303250274
76.31792947227981
75.15665410371943
74.0593192010073
98.39418852018245
95.89804660519866
98.41017614641892
98.55594362348916
0.0
97.42718634554295
98.13145757157598
97.02816800896481
96.68436375082607
95.49590335318881
95.15207015070044
93.88343927169261
92.65522201987983
91.42989008410609
90.2118510020318
89.77010540993247
88.58204519267785
87.39356767396951
75.79048912204675
75.47181091109675
76.23416445216225
75.26332766394236
73.86794157612508
73.17128269909662
96.94947619210032
95.58878826157154
96.01869003373152
97.11666666921685
96.91432463332161
96.40035019257651
97.81314774501143
96.45858018843299
0.0
94.09983084695219
92.84033179233394
92.56575443629919
91.50382217919466
90.29158477279645
89.10176393554492
88.52068465702222
87.28977023029722
86.08542057511187
75.90102196038433
74.67643477074647
75.04164557447776
73.85655596605689
69.2874147517656
35.501657535921744
95.55480762863363
94.45359420616866
94.73930359855942
94.76368365214529
95.63738743535524
96.36002817570287
96.39243426344642
95.19979087286373
93.95702157048538
94.0018011211478
92.65647142245639
91.50395946029735
0.0
88.97978988495424
87.87733592274418
86.2600040125738
85.37137593861843
84.24202590708944
75.72737445712076
73.8811666094894
73.5451744542141
69.07602302332701
35.56268240074144
31.777764245731333
94.31346427022768
0.0
0.0
0.0
93.38819274906221
94.92884434828221
95.0128559678292
94.06154915957237
93.90952350804696
92.76232139722818
91.47326062992765
90.36228444852021
89.64945923957262
87.89113204085706
86.70548179165966
85.30717554413924
0.0
82.277224376838
75.27418696556029
72.65722663674592
67.99729345645953
35.929912564599974
32.346487597638685
31.75725153172857
92.92029054672882
91.56492300745037
90.24436376487155
90.842695873992
92.1775606099422
93.54231848118434
93.66764886463724
92.89675179407911
92.5950345860774
91.53448789298436
90.30122875131777
89.21709845329238
88.38735591141283
86.79285007536215
85.58309064606078
84.44300625959207
83.22685958976078
67.54895425389775
44.083564638911554
35.54738395929161
33.51464785469764
32.87379243747126
32.43225461661444
32.13557987102479
91.56492300745037
90.37509912988686
89.19961643842237
89.74389398504155
90.96688690661607
92.09714832367831
91.3728525949562
91.62078909841051
91.31969797656929
90.44417402483637
90.38596204408707
89.0783138278636
88.31653420132419
85.80804002773404
84.49259184341913
83.39180606864666
82.3084873304369
69.42610641228522
42.824611057668214
35.234984932526345
33.81444870546208
33.31569089699766
32.87438938626785
32.555650685515744
90.24436376487155
89.19961643842237
88.16520416146403
88.65124775172107
89.75488721305496
90.63276198969992
89.35443319626255
90.28084944532935
90.01107494061061
88.76839211397274
89.03389189468287
87.88020069060866
87.00462593814254
84.82617875044889
83.7651898294969
82.36178202406896
81.44160276007166
72.06811765999868
41.040350231258635
34.9593451849248
34.1779405419435
33.7798036245552
33.325817004443316
32.97783387051816
88.96709508260699
88.13965520005924
0.0
87.4959886394687
0.0
89.4527996167913
0.0
88.94648603599569
87.6601209938567
86.52169999977022
87.62709591663851
86.73339365891913
85.83023178113739
84.60568468007156
83.41505433471163
82.29422907630786
81.8437572446865
75.73558536032903
38.490787357032175
34.7900472750976
34.6121892166631
34.265055402105205
33.784052758454294
33.40217289276749
83.38710220560854
84.01217961651591
84.78209994557275
86.04239210992955
84.76915700407325
87.73675777870439
86.24238705397818
87.49679784424622
86.39581216194613
84.3112538337481
86.17868235739516
85.56776769610558
84.67910198378974
83.53889020103968
82.36968816951692
81.97667114322392
76.8082935950349
38.59188519725569
34.83542904153826
34.83956830766915
35.122146594461285
34.76505653178628
34.249936904916005
33.827091844051196
81.63353128816553
82.61551845957051
83.66770536416844
84.66011329113978
83.54991151335759
86.16587854604525
85.32250184629122
86.14252861108524
85.23371586043476
84.04164730109775
84.88734608372306
84.38088201329408
83.30670169890472
82.1927222552658
80.69492500134086
76.69455920180685
38.588356871969445
34.823314505244376
34.85580852685198
35.296434486368064
35.69618173199643
35.27553372504764
34.72151538925994
34.252873501997016
80.67396974759578
81.55045868204941
82.54798424344514
83.33001540907728
82.29253101983974
84.69816215904126
84.32149955037906
84.8581938938119
84.09579435885581
83.12859592144612
83.65786264784865
83.20559900172985
82.1597264251041
80.64106276179292
75.59294730268891
38.53294829118412
34.799789427474224
34.83892337761861
35.29666830435636
35.79782039071964
36.30121915207617
35.78822129464482
35.20099524081737
34.67758713423619
79.71446683919235
80.49450527546287
81.36176936524507
0.0
81.4517462155641
83.35700817655945
0.0
83.67569886573335
83.07187848898369
0.0
82.49305923979858
81.91131356080095
79.65320330052405
75.48981685403001
38.14583098858016
34.542041981369515
34.61818137224771
35.12587756688252
35.69854309237486
36.30219013180173
36.93723161629912
36.30114904652966
35.6881020711959
35.10167108077542
78.75473106181127
79.4359634778579
80.07679101862698
78.93045096800833
80.39453666499031
81.92569591842144
80.68575222495514
82.32623696924784
81.89085946606295
80.68318263564989
79.26988705719643
80.07489617027025
74.68111133140447
37.458271284948864
33.795358467821245
33.83601557697514
34.286012238790036
34.78448666677952
35.29138856858018
35.79802801210267
36.3021200262552
35.7971123928502
35.28991271949945
34.78495735415493
77.79549010544129
78.38378801011294
78.87633133068977
78.13659774829706
79.34271782342616
80.5527916615137
79.3203512849291
81.00589109317512
80.71513072838263
79.57563571227598
78.01775933562247
74.72769123420372
36.61238069129907
32.92690922000472
32.93820058731202
33.36201879358187
33.83419079337447
34.31569976321059
34.80081619117649
35.29132575947558
35.697908788653756
35.290883699224985
34.80368838044116
34.356350712825034
76.83792108574639
77.34287029176053
77.73698369559364
77.27263093396203
78.10595326540411
77.33873826688422
76.51165927114184
79.37280056001399
77.5907334004922
78.23037208707684
76.41406503254406
69.89088509235955
32.13875883113224
32.03607576381102
32.43181144621957
32.88545540341434
33.36212846891687
33.83712352867785
34.31563594891287
34.78384213547254
35.119933027579094
34.78460113095106
34.326804638015716
33.92644626188426
75.8832573469993
76.31501807484959
76.6366435394527
76.30071715636512
0.0
76.20304592110516
75.2188717833703
77.9910369709803
0.0
76.96195566986763
74.99262964924793
69.63131471901492
0.0
31.629445028972427
31.977129764320708
32.331506366536004
31.92501807531214
33.357601443892996
33.83307667245419
34.27979596638312
34.561662770593124
34.28266896818151
33.85609284923291
33.49746177073556
74.93254743394435
75.29990742068522
75.55652819627994
75.20829303945403
74.12155576405621
74.98225146276232
74.05464423820574
76.43123657468426
74.45383061000054
75.54224506450409
73.30769622351849
65.40266119464525
30.680886448330106
31.168280831150494
31.52797662197103
31.884175071432583
32.296557402984966
32.84864121062574
33.30989980420904
33.77435904206052
34.02110688799295
33.784812860832645
33.39239874061725
33.06888127536223
73.98670900743105
74.29750161140633
74.49794062874423
74.15881785807728
73.31877687125154
73.86653478471112
73.35391365783218
75.04902224386097
73.6711967945734
73.87802080014688
68.63758304114027
33.37471324094509
30.287319824322807
30.72087196529023
31.084031903582243
31.44943850297599
31.918614830693365
32.38189120316759
32.840597011844395
33.27634631554737
33.49415585769101
33.29380788812915
32.93350837768837
32.64220246045454
73.0465539843559
73.30784862366187
73.46084727691053
73.14148093983468
72.47554123674749
72.78857089125715
72.23436635656458
70.42428252703367
39.13463853548945
36.52129202704352
33.25528135933051
29.822809142486648
29.897952173793254
30.2839736477365
30.647220661034172
31.01683395119582
31.472798770760054
31.921303591173583
32.375506135958574
32.78414635670964
32.98094350737747
32.80840942850201
32.480675764003166
32.216962931075386
72.10363026075035
72.2475318123555
71.61072727856592
63.81059515811343
66.57899347600902
70.31221391287194
61.74097306176868
64.8048144622675
29.863241230459117
29.39335976231993
29.09753587542452
29.095392640280668
29.47425144892752
29.854017819119285
30.215362255516784
30.587829256591327
31.02292565849258
31.4657038146569
31.913168096304872
32.299713215389204
32.478313980850636
32.33068199998266
32.03215942680802
31.794266572036946
68.01202847331228
42.5534129889947
40.99315598898833
39.182445648172624
37.946804992296244
36.10584997777242
33.37949187293378
31.061499882582087
27.780259495037622
28.00681571432885
28.309299552096917
28.68184077982769
29.056430176947114
29.4292313134499
29.78988706067617
30.161049972927334
30.578685792381123
31.01365663665181
31.4557942635183
31.82120901566797
31.98706879724751
31.858987489781672
31.58930250603346
31.37369836682118
33.11983864558976
30.048844739445403
29.407595496732778
28.807316608733295
28.280910855140466
27.768429949807114
27.339356397223902
27.117983158638513
27.096804658855067
27.442600013425235
27.806082435636824
28.18340271207573
28.567238843638457
28.960550989249654
29.36388535163751
29.739166708054192
30.148381474830572
30.57142171614422
31.002250102455964
31.350483658692088
31.504569197615638
31.39505241515035
31.150615739878777
30.956128406564314
26.551173787889407
26.11639200231469
26.005860859047136
25.960061242481757
25.98323787214254
26.075152322417544
26.244060398530383
26.489548202584935
26.796825770597863
27.148678468410324
27.50613128770771
27.86689691649192
28.230654068427498
28.595913444218347
28.962956221939482
29.329291453863387
29.79303627619376
30.175600628084638
30.558790111522292
30.886068148824002
31.032012877855113
30.937115099398902
30.717409836291747
30.541175631990278
====iteration: 3====
99.99989851631013
0.0
99.99989494116912
0.0
99.9999922189276
99.83198410329031
99.64700547092201
98.20890507229977
98.06128068531432
96.64668249346099
96.5199424545839
95.11695367780284
93.74850595911306
92.41079946847016
91.10105018159182
91.0546630538492
89.73063742173451
88.43805179886104
87.17375440562103
77.34357303790917
78.36463372731554
77.21034349036766
76.07484841528236
74.96847625904859
98.39510283870598
95.89968738562347
98.41111542070038
98.55687501330318
0.0
97.42724964406297
98.13152118490433
97.02823449477373
96.68445614159096
95.4962293095976
95.15450196535052
93.90485775233002
92.67451145607829
91.44761292206856
90.22922335754214
89.77999742937985
88.60617430453723
87.43454455160284
86.26884619085878
77.40153895304753
77.2292828009613
76.18913865223023
75.08932209479165
74.10419219159108
96.95109478108232
95.59612089231472
96.02115908694597
97.12667426927115
97.00540967475368
96.65649717554324
97.84101471147292
96.48340193578132
0.0
94.10054678009631
92.84423346945705
92.58498847960234
91.52284953627755
90.3104119119878
89.12838417270105
88.54655123288296
87.44528599557138
86.29381265090578
85.15641717369216
83.25546169204185
76.81618678922884
75.2444449273923
74.12960782069754
73.23901389364404
95.56276564251314
94.51298784556394
94.7489628721417
94.78202144067856
95.73281953113691
96.57692826009247
96.43872260884929
95.22750654844617
93.99210865778568
94.00739853309828
92.67218994176879
91.52259445309201
0.0
89.00001492709447
87.91078073568366
86.36463708047398
86.18789181126408
85.06188194311342
83.95052405882669
82.71633845441785
76.3473935756494
74.35224905086042
73.14371771602963
71.85040858026186
94.32133337836251
0.0
0.0
0.0
93.49273844992624
95.11681966669119
95.07183450014703
94.0990015139193
94.00711913773938
92.78731562247485
91.58334614334477
90.46487568089864
90.42656246246797
89.10992438629563
87.8516826297622
86.59277425859517
0.0
83.81802301734999
82.73766201948126
81.06314210682564
74.75620476645305
73.3795544124642
72.04703938913856
67.78696540956614
92.92808655231636
91.5728380542947
90.26386804679116
91.1469848779083
92.48330651504072
93.7283557348293
93.73724692222268
92.94188782254531
92.68172993883123
91.5842906026301
90.51763075426243
89.4355626385338
89.15304360961883
88.09177289078022
87.00459899947708
85.90043053400782
84.72598720347577
83.59361050833736
81.6433109923236
79.58920532811281
74.18843148073474
72.15049422613838
67.98133671101424
36.90306726860279
91.5728380542947
90.38468239097674
89.31372102636435
90.06722138281877
91.25927240764604
92.28120227433615
91.45128071612635
91.67214395383684
91.39891006689533
90.49937158227677
90.46587280574823
89.18764108744234
89.16378580032533
87.88565571582646
86.65250876612741
85.45559144545287
84.29266228035033
83.1580249129619
81.95865419379139
80.65839707115111
78.60102290663737
73.17402230605731
37.841657563997515
33.53536811848796
90.254130326039
89.22509800389462
88.3360773012317
88.9527922691282
90.04324889531907
90.9048384608207
90.34186709905288
90.43306963842966
90.15037249326228
89.38951423746407
89.1830822956471
88.1267596301084
87.88911940290448
86.73587802877422
85.59206280049088
84.47133291672624
83.47435557970717
82.44918210658348
81.3617420508691
79.87704861509836
74.8990922663978
38.57857195275787
34.49241226841999
33.47128581619084
88.97828657926462
88.16329299033997
0.0
87.79377944841242
0.0
89.72148608113923
0.0
89.11214061346482
87.94997606843725
88.16948704012536
87.93883043898133
87.04091033658108
86.65224823620481
85.52541035346081
84.43079912142481
83.45773440268981
83.51602448325255
82.27119382680281
80.68771077709727
75.69067272905025
39.343271649422014
35.08761525531305
34.595385548145956
33.81739557394402
87.71967092346095
86.91536908307408
85.31105610284463
86.54481950915114
86.932848252265
88.23530865188293
86.96504972072921
87.74122811720075
86.8168983143957
86.00137141632891
86.62893765746225
85.93180059740926
85.44580668774043
84.34321115902183
83.44505034866987
83.49373353304438
82.35896769258544
80.84882376920397
75.90020265684846
39.57761242574063
35.87979966176603
35.110784864559804
34.66546040641893
34.19786314526403
86.48202395535182
85.7204566418635
84.46227120366017
85.34939360815623
85.69830350044023
86.83964184492982
85.9913693780663
86.4436936165659
85.65146962253539
84.59152099086327
85.34083864731737
84.80969217063397
84.27235505889954
83.2638052286832
82.43453454481532
82.25190018867863
80.84691369903
75.91596374778031
39.5945083506895
36.05047031194852
36.01730002351718
35.56495938664657
35.07908665620158
34.622402439114666
85.26708998421016
84.56450588760387
83.5602340931824
84.18413798004836
84.39348893467009
85.50348391323338
84.96497361345067
85.20166022018738
84.51234957849812
83.65072088169406
84.1163003645092
83.68621080351289
83.12546413068252
82.19014277342451
81.3715984953419
80.67296107995996
75.89570830998046
39.57914114908293
36.05046559009056
36.117366881939795
36.57577825190026
36.06877648844993
35.55962287786218
35.053114819691444
84.07484804457167
83.43337155323135
82.57448246343291
0.0
83.13735201151393
84.25011863301208
0.0
84.02202906554388
83.47609506012442
0.0
82.9577621788257
82.4730698623716
81.01790435131356
80.98689910287837
79.9144812242578
75.6614085583136
39.36257779327921
35.879518007135125
36.01725232779807
36.57577353004229
37.20884334687254
36.570441743115865
35.96339604162305
35.38297358578196
82.9038152091696
82.3137252322687
81.4850309501139
80.57558112621913
81.78083705664524
82.85455307810079
81.536933946504
82.72436265044938
82.29049782785597
81.08806802670573
81.74003724210245
81.31081762118176
80.2008353449462
79.78224992942862
78.18934982267861
71.09736873291575
35.079844777380224
35.10679269377954
35.56452012177363
36.068728792730816
36.570437021257895
36.06346290004566
35.554021358056204
35.04808848491516
81.75273083284834
81.20595720246374
80.4037096381333
79.47652377995162
80.49932705514065
81.53732159975905
80.67759982611318
81.49649925649526
81.12850271671448
80.0633849434097
79.18252797548948
78.34370092050182
79.00904388708199
78.52481366661657
76.31693817456446
67.24290243636297
34.52952522802296
34.628932316870255
35.07507888200552
35.559183612989244
35.96334834590394
35.554016636198234
35.065021687404816
34.616437510193784
80.62077784482975
80.11271645859973
79.35497089457087
78.62701439901372
79.44914828478379
80.29906095730264
79.75794710005717
80.32001144615788
79.98734734017822
79.00901167365166
77.98043950039454
76.98351429255914
76.30725700055842
77.07107113129938
74.39402890165921
64.2523397036231
37.08226716589243
34.484355411168124
34.623591144532895
35.05284155961767
35.38259788803719
35.04493787248851
34.585071966935345
34.18378904459101
79.50729518191793
79.0345232263048
78.32353862515086
77.67660983926825
0.0
79.12684571000791
78.14577667517167
79.14526175519863
0.0
77.84835652679412
76.8306271098172
75.82807995654296
0.0
75.66749653708492
72.48614633132645
61.76820146610093
37.82058621166
33.7064609169418
34.13852141155602
34.54890531235575
34.82217321187359
34.53998114554772
34.11165062361987
33.75186796378676
78.41158842554195
77.97034610236297
77.29552722613506
76.60829163129767
75.51676497236018
77.71131406531116
76.83527998464855
77.84392367736098
76.70892690445409
76.70474736121791
75.70369019241502
74.71571181495365
73.61828882079696
74.16308502413335
70.5680291436227
59.16022438225132
33.27088247333862
33.28135921312036
33.663307047932875
34.04845842726128
34.27982223818347
34.039584145049226
33.64499319463985
33.32057549005748
77.33301345643663
76.919878300552
76.27673318895717
75.59200180416202
74.81655107277359
76.40065976247176
75.62081471070522
76.6012037971668
75.78137073802061
75.59981381016262
74.61917473747525
73.6505997281339
72.67913718396929
72.4714906821407
66.45551418822646
34.65736078755766
32.40263614030036
32.81254777792189
33.19094988526645
33.55366015962275
33.75183133922563
33.54588326011846
33.18349317394266
32.89105537601516
76.27100313246802
75.88311120944671
75.27009095892113
74.61101789621095
74.0445837232937
75.18570482917137
74.60574445014937
73.84519742657908
74.66665436713267
74.51650818949115
73.63087856895199
72.68038356895255
71.71365832787657
70.67095188855053
62.766838444849284
32.09758604524707
31.938613746094344
32.348394822248224
32.722999888148856
33.06394373351064
33.23749316907022
33.058276931335925
32.727838226322945
32.46315991852911
75.22506666672219
74.86011530987689
74.27687213976836
73.65463834464613
73.22527442997449
74.04197170999926
73.59183344201959
72.86796736615628
72.0907032062789
73.30463345828771
72.63211577689844
71.71011624522879
70.67346689328404
68.85814786977068
59.899855460164325
34.462202273677384
31.82704816037536
31.92469648912124
32.26205813793403
32.58122160344228
32.734235001543254
32.57817950031038
32.27684322911319
32.03771962806711
74.1947778665059
73.85093811332457
73.29741898972986
72.71609996106757
72.37557841025067
72.95219636034969
72.58356262378378
71.88447712138037
70.98256962711982
72.13578817421258
71.62872973716004
70.7338500237415
69.57773932978705
67.0879169685202
57.617489090939905
36.112306809302765
31.865328757102137
31.547887697771067
31.81314822780551
32.105165734268645
32.242218707367144
32.104577243779076
31.831326419464634
31.6145722572221
73.1797605524017
72.85556554865181
72.33158546220648
71.79120353233414
71.50733092911554
71.90448438002834
71.58706363076367
70.93270930722144
70.23317428847442
71.03677836937206
70.62777777868432
69.74932899239226
68.44414385449105
65.38797586226156
55.741235748767465
37.121314908083995
30.72758871674634
31.09309915758695
31.365612173844756
31.636615930480726
31.759443507811127
31.638569204951533
31.390309463582085
31.194363578548295
72.17967482723553
71.87391364346813
71.37897581653984
70.87720402483154
70.6267938433808
70.87014990525114
70.40147548913501
67.96341242212895
49.04019142906866
47.060945037034564
44.70893782339336
42.08430275299357
39.208401655508965
36.09972756254203
32.94549276516117
30.562745386116905
30.179963432636274
30.543265975231837
30.911427728442263
31.173131103873235
31.286274766067336
31.178982045483707
30.954614664258244
30.77692545241689
====iteration: 4====
99.99999836897335
0.0
99.99999831151415
0.0
99.99999987494465
99.83199175930734
99.64701312693903
98.20891272831683
98.06128834133138
96.64669014947806
96.51995011060096
95.1169613338199
93.74851361513014
92.41081576810272
91.10107406580221
91.05468806182702
89.73066762931697
88.43812569243582
87.17401111365265
85.9358985121858
86.0778259862075
84.81347326945559
83.57513769390769
82.36685317583454
98.39520319210172
95.89979175984435
98.41121889944587
98.5569784785924
0.0
97.42725730008
98.13152884092138
97.02824215079079
96.68446379760802
95.49623696561466
95.15450962136761
93.90486540834706
92.67451911209535
91.44769924371766
90.22930955758596
89.7800331802156
88.60624838685
87.43497462339597
86.27059056810559
85.11543190623298
84.84336717449662
83.66970945409919
82.5144266066127
81.424501607171
96.95119637719998
95.59623256653457
96.02163483399998
97.1305298818396
97.04304135632054
96.6568702273419
97.84106243257159
96.48344888197606
0.0
94.1005544361134
92.84424112547414
92.58499613561942
91.52285719229462
90.31120552673279
89.12853964947173
88.54663771684532
87.44571731381251
86.29748948192142
85.17033906439299
84.05525479633899
83.03000956744076
81.9922100956981
80.95028372296703
80.42428785810156
95.56287811582096
94.51318856559122
94.74997430168177
94.78822082566353
95.7635729166254
96.58030615533941
96.4391032183437
95.22759054254205
93.9922001077874
94.00741750514847
92.67222810433032
91.52260546114144
0.0
89.0078828945246
87.97603749540286
86.37226823956416
86.19902481846853
85.16325405517891
84.05998918908463
82.96887373611776
81.80560019916842
80.69839680499332
79.63156661017656
79.4001787754685
94.32144569993636
0.0
0.0
0.0
93.52037635663869
95.12231672108418
95.07269686220988
94.09916928645596
94.0072786736895
92.78736882159978
91.58357141498894
90.4649160445959
90.42665606605544
89.11094713863679
87.85928099891284
86.60000176570449
0.0
83.93118726352414
82.95659105036907
81.93830378563315
79.942234893238
79.10234999103808
78.22584097512068
78.34550481983538
92.92833436114114
91.57418466078333
90.2653729060192
91.1544383783697
92.49089648980241
93.73358255960241
93.73847440983799
92.94215982956374
92.68190696398669
91.58452962209131
90.51944168899156
89.43843515681579
89.15357181260275
88.09348615166287
87.00791064969079
85.90501676869235
84.73144941091441
83.61061983519957
82.51678014557625
81.44207247787516
80.28630178487572
79.18140081819848
78.11368374942232
77.40609822778259
91.57418466078333
90.39494526972466
89.31663387052288
90.07433295107556
91.26648329748792
92.28620523749692
91.45278794305943
91.67254437969991
91.39927060272404
90.50119590857376
90.48202686334838
89.20212779776605
89.17662786368614
87.89771222837943
86.664654544797
85.46819556147796
84.30568322915326
83.17297337295722
82.06532043999206
80.97869221422165
79.89797115885233
78.8234056798054
77.75410324173428
76.70404005340062
90.25627336713535
89.23381887645624
88.33991086350726
88.9594826589524
90.05009889402774
90.90964992266962
90.34359178350668
90.43362012075947
90.1510039075464
89.39245656093107
89.1975759167727
88.1409842699981
87.90241454209391
86.75321043014432
85.61498289756996
84.49689397129785
83.49958438426006
82.47899892155458
81.44610399603751
80.40599259807259
79.33841476737047
78.23489233917415
77.09809454484036
75.75342797100392
88.98104723042769
88.17126327406685
0.0
87.800386859844
0.0
89.72623782574875
0.0
89.1127266042911
87.95090440599647
88.17322604744969
87.9521304673602
87.05556529132025
86.6731801461982
85.61582693210856
84.51150947699017
83.5199611827958
83.55335071472847
82.35559319908064
81.19464791292273
80.03825977269067
78.65626999095065
77.12475774732762
75.53950980324159
72.10141711369461
87.72710195727689
86.96090377040788
85.6997997942676
86.59124110725892
86.96014686794044
88.24249747836369
86.97234932275313
87.74254314376894
86.818192845397
86.00570490840191
86.64150291314651
85.9479878619043
85.47950872765496
84.49999247272271
83.53319373450347
83.58160581192018
82.46475128122681
81.37291471266994
80.26114966804998
78.90814751031263
75.26733505468276
71.95722188226915
69.3332771292907
48.63284777434805
86.49493679388058
85.77851835720976
84.67155398502443
85.42578112304551
85.88923563336098
86.86512106746217
86.00029029730561
86.44992576174874
85.69497832329326
85.01441354205006
85.39487274615288
84.83207575295391
84.3149188456561
83.4017417684097
82.53101783581799
82.38339358010279
81.37566695039112
80.27907055275934
78.9447708819229
75.32858826202909
50.75970837488991
47.9813874358273
49.54530872071603
46.7101262848945
85.28569941312121
84.63055804727435
83.74431598426405
84.30323228771022
84.80127638934042
85.56547246963291
84.97949721463561
85.21500532345316
84.58276664155866
84.00058872574162
84.1967606485845
83.71679950557302
83.1749111746156
82.31850807330913
81.51527664498443
81.22402259122995
80.26628789322247
78.94527956621498
75.33226433556341
50.83356407177198
48.727398171558015
48.09616005038463
47.67812826980315
46.99713269985108
84.09906446429854
83.50488043756754
82.744152505794
0.0
83.76874062778354
84.37398392390938
0.0
84.0407875860793
83.54005455022295
0.0
83.0326001176656
82.51048761217424
81.07631306502877
81.14389032756196
80.41491862943961
79.40984229096235
78.84874173846443
75.31584152282545
50.76014437011422
48.727405377467996
49.2100157472667
48.42413900553387
47.69658484349558
46.98836694296808
82.93408555013414
82.3954751623878
81.70843840520634
81.39310700557381
82.58622706699472
83.06532221606395
81.86960072127741
82.77831973560218
82.35278280509534
81.15157524154655
81.80987150737381
81.35400269257062
80.26787096735859
79.99156655452961
78.980668594353
77.98028816349778
77.033055520071
71.98662707461767
47.98205769881446
48.09623282772257
48.424146211443855
47.77044054037765
47.11736846288087
46.47423302636391
81.78996213489285
81.30262771610607
80.68894092586861
80.47371291148875
81.43603046135811
81.82667726549312
80.97752583281151
81.57536378673304
81.19353030748692
80.14308396384217
80.62972576864185
80.22365882505696
79.28228124047322
78.86853749436052
77.84112064859667
76.82852779577415
75.82467662103296
69.38537383543243
49.551059971372595
47.67876221475297
47.696653989759746
47.117375309314646
46.48700493264984
45.91441937725905
80.66596742978753
80.22612787250331
79.6819794047454
79.53486408743869
80.31482328759779
80.64177394852099
80.03917223808824
80.41854707218546
80.07051417503702
79.23032336212677
79.4951511199577
79.11723535032
78.28361213416306
77.77211205906876
76.74901781540783
75.7405224063846
74.64858708932493
73.03845422582415
51.130949640475286
47.439646632638464
47.03220453908059
46.473969747790825
45.86779670279022
45.35503803526246
79.56133519081794
79.1648163475094
78.67829195569789
78.51361071594869
0.0
79.53060162708151
79.07865759123386
79.3343800009091
0.0
78.21499211736968
78.39688683210962
78.11558511924775
0.0
76.62901983510285
75.62862751589691
74.63915198299512
72.68131692186398
71.59215550367954
52.225792347272346
47.2982174981609
46.43047616538972
45.843791455171505
45.26050160416848
44.795964863386814
78.47526812900679
78.11756695811476
77.67657455439272
77.4720021053202
77.16405599487942
78.31742544220829
78.08027689691326
78.14701988229888
77.01256071447415
77.18459004647177
77.31386646719575
76.9925018478185
75.86753186288331
75.54136040661488
74.54839438825651
73.56532601642478
72.49392356543764
69.06824255476845
52.83195953080347
47.192788618382465
45.88201246502777
45.232142841479366
44.6630424858635
44.23942184008951
77.40698616638467
77.08365851868689
76.67933203956169
76.44649303691884
76.13548993820514
77.15400785454528
77.06255962758549
77.017510606822
76.11997433236623
76.1746737205232
76.24849440732417
75.90524715477594
74.93519945844406
74.4797450107569
73.45861439755593
72.46183450760051
71.46197155143597
66.99321276964841
53.096581904431524
47.08486414230236
45.379127955803106
44.63902460177279
44.077077690893915
43.68534086723819
76.35574501717306
76.0625579006189
75.68769304461951
75.4289782668352
75.05327451125241
76.02392014294485
76.03708836568555
75.93104089810336
75.20707829619126
75.18066240329122
75.20020269534888
74.83342978007673
73.85509058559096
72.94122133119764
72.02389198177268
71.10752153544598
70.05353898781388
65.212442904266
53.11649839290097
46.95580618966993
44.91051641422655
44.06674722041035
43.501125811538
43.13543118649669
75.32086877896063
75.0540679954902
74.70460750669385
74.44042318080315
74.19107330177224
74.94220199051212
75.01354528397242
74.87771013841585
74.2826744045796
74.19974840560731
74.16847492632876
73.77918485692595
72.81241873546401
71.8635841686663
70.9297157966847
70.00886334411284
69.08512449945908
63.6911392265005
52.96626399782404
46.79424797080294
44.469462220974236
43.513101025895025
42.936867439094826
42.58965817670228
74.30175748840729
74.05813575019567
73.73171636654047
73.47385649398119
73.30910526452551
73.89761030343608
73.99782735855568
73.85086945475723
73.3529102898954
73.23026350812236
73.1527742802205
72.7428894212254
71.79444810234138
70.85825878664896
69.93325081095502
69.01902835453738
68.1091368261023
62.36305677032113
52.69585757850634
46.59850731516188
44.04699420041869
42.97880590423763
42.382877360710275
42.04939176268771
73.29788260033301
73.07475057645277
72.76986564182847
72.52470690156592
72.41611986458103
72.88244965171533
72.99339825858162
72.84602502527872
72.42212112718201
72.27131012049682
72.15304476833788
71.72917007959225
70.84495179182954
69.92485917447868
69.00472721169528
68.09107319290584
67.13777373084788
61.17981917863996
52.34223069265906
46.36730998385292
43.639095540379
42.460722282622065
41.840565202367486
41.51456527140304
72.30877750348513
72.10389420199371
71.8194220817041
71.58992907125497
71.51755985887515
71.88474698999322
71.93543881500358
71.19270146122602
71.42665941706086
71.31577819754557
71.16829597385713
70.73558057875081
69.90319773428281
69.00175195710453
68.0893628295611
67.13581610691928
65.72565157171074
60.06179563462311
51.924871492024565
46.104098084901985
43.23944994053709
41.958987734655494
41.308414600780914
40.986273266885625
====iteration: 5====
99.9999988754904
0.0
99.99999883587518
0.0
99.99999991378084
99.83199179814358
99.64701316577529
98.20891276715305
98.0612883801676
96.64669018831428
96.51995014943722
95.1169613726562
93.74851365396643
92.4108158111427
91.10107708782458
91.05469255464624
89.73068319061056
88.43824008230277
87.1742753076824
85.93633904044698
86.08246882433605
84.82294370929975
83.59442607177999
82.39481531500147
98.39520370040621
95.89979228244836
98.41121942361167
98.55697900275814
0.0
97.42725733891625
98.13152887975761
97.02824218962701
96.68446383644425
95.4962370044509
95.15450966020387
93.90486544718335
92.67451915093163
91.44769932081219
90.22933671279904
89.78004988930724
88.60635406386422
87.43589119245982
86.27207987778651
85.11732760223914
84.85208964228127
83.71893523919006
82.61440900681825
81.52490775379928
96.95119688570504
95.59623307664403
96.02163535417866
97.13053038019031
97.04304162632295
96.65687026899602
97.84106247172069
96.48344892112304
0.0
94.10055447494966
92.8442411643104
92.58499617445567
91.5228572311309
90.31120594781206
89.12881030185243
88.54676864787717
87.44663552045168
86.30578794539545
85.17778584606727
84.06204823126741
83.66449495722722
82.62134625600089
81.54733444319517
80.57811955175113
95.56287862454215
94.51318907604157
94.74997481658859
94.78822130285192
95.76357318679734
96.58030621985138
96.43910326005825
95.22759058198277
93.99220014730398
94.00741754413755
92.67222814402204
91.5226055000718
0.0
89.0078867561435
87.97606926747834
86.37252255632775
86.20051445041838
85.17070086875782
84.06733218465278
82.97602433765896
82.50875845516937
81.53402750583419
80.50078677832364
79.63087495371201
94.3214462086575
0.0
0.0
0.0
93.52037660579984
95.12231680215885
95.0726969077004
94.09916932656994
94.00727871381449
92.78736886142029
91.58357146123609
90.46491615017575
90.42665677090314
89.110953023936
87.85930037971376
86.6000631540135
0.0
83.93852479850163
82.96379551781509
81.94499468092395
80.01820213571227
80.32309552272973
79.45826266364924
78.68367093164096
92.92833486979157
91.57418516886807
90.26537340907583
91.15443847678023
92.49089658797628
93.73358263912422
93.73847445828426
92.94215987058169
92.68190700481651
91.58452966845226
90.51944179393548
89.4384357958198
89.15357737886333
88.0935360948035
87.00802755696097
85.90522748552982
84.73183110594235
83.61190971055665
82.51887017157026
81.44487093228307
80.2969809121343
79.3133383261919
78.34570564548468
77.72881089570333
91.57418516886807
90.39494577328409
89.31663433335449
90.07433305137924
91.2664833938917
92.28620531583991
91.45278799391268
91.67254442232746
91.39927065008328
90.50119601362891
90.48202750230082
89.20213330327033
89.17667772627652
87.89816628523259
86.66541649646236
85.46932736397915
84.30747130085518
83.17561131785664
82.06890833795951
80.98354832205345
79.9074881643173
78.84995819217608
77.80989527903954
76.7994970224524
90.25627387397297
89.23381937331663
88.33991129679825
88.95948279234914
90.0500989922747
90.90965000051362
90.34359183696448
90.43362017074799
90.15100401368294
89.39245720008206
89.19758142229178
88.14103412657533
87.9028685903775
86.75734801519803
85.61893001299723
84.50201998572209
83.50820959558865
82.49005037523892
81.45915179905022
80.42354239720179
79.38501824844481
78.29502439609261
77.2172172477722
75.94861389433045
88.98104773626756
88.17126377192497
0.0
87.80038699324068
0.0
89.72623790359167
0.0
89.1127266820125
87.95090470913733
88.17322817857907
87.95214657358706
87.0556818012401
86.67394205128267
85.61977404292435
84.51751669378365
83.5390303763947
83.59767786896651
82.39558440340554
81.23444421852263
80.10629181187508
78.97708432137507
77.33276906909175
76.20584389494874
75.08954016300721
87.72727042058715
86.96243285895355
85.71507263648367
86.59277183263616
86.96033481434662
88.24251834722311
86.97237154229583
87.74254550147177
86.81819381463201
86.00570991169384
86.64153542918235
85.94818244964813
85.48050966107218
84.50381307894305
83.53920789262357
83.59047653785278
82.49952587647456
81.41119742693455
80.33015498809915
79.25940703936362
77.91701418926219
76.36850662228026
75.22393310246596
74.2265039464088
86.49661515106854
85.79244534540643
84.79831951673212
85.43969605794547
85.89077917661112
86.86529389806553
86.0003255588817
86.44993134479172
85.69498058959022
85.01442309282102
85.39492692194723
84.8323533001755
84.3161114712775
83.40550347333395
82.53725737444975
82.3945442475174
81.41109445150163
80.3475765427453
79.29572375503209
78.25657980363059
77.21255354914463
75.44003102841975
74.26395372062414
73.31350518549802
85.2895677607385
84.65233700943101
83.84902119643246
84.3249574244794
84.80469750156531
85.56595566558832
84.97957421666014
85.21501782576004
84.58277125605457
84.0006046998703
84.19684097872171
83.71716153667799
83.17626734258273
82.32230369814224
81.52216647695434
81.23990476267946
80.33061856898404
79.29576964953971
78.26017970203803
77.24934656750631
76.35917117674994
75.36718062741461
73.42643270045188
72.60638555377385
84.10546352843868
83.53217155287946
82.83918952432587
0.0
83.7718318568775
84.37474832313855
0.0
84.04079916194712
83.54005987888162
0.0
83.03272749340444
82.51100421500789
81.0785076467596
81.15469186890058
80.49146549669679
80.11712275586676
79.25720306093723
78.21977780445252
77.24570316956444
76.36245298949886
76.50147470314293
75.37529336324774
74.19253784678834
73.07692328448613
82.94303812665889
82.4257600875213
81.78706518970381
81.3967358281006
82.58913267560179
83.06631313267954
81.87058916907743
82.77857628431077
82.35429314620976
81.1665320300264
81.811529775361
81.35477707618585
80.26990192946245
80.0474718836286
79.45692558936815
79.0200525542105
78.19248181205772
77.14941213399597
76.12809438287049
75.43859810026233
75.3823636970124
74.39166753179931
73.39483780236127
72.4081222832326
81.80131267372192
81.33430842139241
80.75531805954434
80.48349398279616
81.43942143391637
81.82790356326166
80.9785943649488
81.57702315254164
81.20717065113315
80.26712311358541
80.64363487237749
80.22684952479638
79.29440635679876
78.97157501641738
78.42253594550186
77.92388841698433
76.93106819859813
75.93139939204487
74.93369136268785
73.97464091541659
74.25300293721462
73.4008238615567
72.44018847345016
71.56359937023282
80.67946995227643
80.25821010456652
79.73909414039599
79.54868126515116
80.3190274172111
80.64329493570662
80.04052122484472
80.42210394932708
80.09181830842256
79.33283699821183
79.51702505787115
79.1243977513422
78.3085600798335
77.91994819386812
77.39306398140123
76.8519258333581
75.90194824831954
74.78991578103867
73.73072448111985
72.71451076694785
73.13596624876794
72.41266741112354
71.50257719773423
70.71822370012025
79.57670878550391
79.19671135761439
78.72843227508201
78.53126565285042
0.0
79.53210824933959
79.08020147046378
79.33767621758444
0.0
78.3081219082701
78.42435290986013
78.12489895095136
0.0
76.83544836435664
76.32464668983235
75.38010740136019
73.4723546402041
72.71075002348138
71.90581968671908
71.07361302383255
70.36570468426123
71.26269882279732
70.5623499091544
69.87178992167267
78.49222990072161
78.14894740653689
77.72142688113578
77.49255286970593
77.18554763568464
78.32093297799365
78.08216192801427
78.1502020263804
77.01644881707806
77.26176001541694
77.34443467302545
77.0043730271777
75.88236391618828
75.77813553841786
75.27380216245672
74.37016817740565
73.30319926355257
72.28731207577663
71.30872838399198
70.35827337368971
69.44387366280097
68.7200888717965
69.48051591956887
69.00888285214803
77.42528538245143
77.1145056469894
76.72157634622772
76.48353743000189
76.30302529580011
77.17375118158742
77.06639153291411
77.02139314594142
76.12990284626869
76.23997439260738
76.28080891057864
75.9218099707314
74.97521679694323
74.74874140838664
74.24153212012699
73.37934783424743
72.40670067117333
71.44256740850038
70.4899279009992
69.55024032326652
68.62548939029968
67.73271683254862
68.43953973240073
68.135938544507
76.37519630935401
76.09319053430508
75.73088522951015
75.49667585258695
75.39754118390393
76.07448733886432
76.04565485232513
75.93634864241842
75.22106509323
75.23720736676546
75.23497179372852
74.86957191980784
74.0528911668801
73.74173652819172
73.22724387668046
72.39918108714949
71.4468750166993
70.50523602870926
69.57425637696001
68.65409417234319
67.74505685138575
66.84914089430691
67.44070262792911
67.2588252167026
75.34135417714207
75.08489543896336
74.75044933218395
74.52710699811468
74.47924494182928
75.01220950967145
75.02798279050982
74.88500416761275
74.29945206573476
74.25003139026872
74.20724663717483
73.84238262538557
73.1228718865159
72.75339645036821
72.23007271917335
71.42938885032298
70.48951524853285
69.56058394989066
68.64255997605595
67.73549695390291
66.83953969085037
65.95493667899862
66.4742408431405
66.38149328102685
74.32321490614459
74.08953673067492
73.78082102899899
73.57172764967882
73.55512769735793
73.9794412601499
74.01832021810391
73.86053714812282
73.37171878073299
73.27635949802628
73.19731812720559
72.83655828771948
72.19047276235862
71.7812053699126
71.24907856193254
70.46993339693887
69.5373698592187
68.61491129084943
67.70435115791692
66.80663165060416
65.92207389139676
65.05075328760128
64.33162479568821
65.37477668076079
73.32029019955456
73.10702307383853
72.82223511159499
72.62858180058657
72.63002281170334
72.97103142733938
73.01961337284749
72.85829975752577
72.44255199908669
72.31494020819751
72.20455473236895
71.84949244648752
71.25947192819666
70.82341391686182
70.28296239865848
69.51692113065712
68.5527992579936
67.62445443700689
66.72473163973618
65.84837372129641
64.99158331300566
64.15147930109968
63.339948342975234
64.3805857557265
72.33213867452866
72.13724387753336
71.87474661339819
71.69645771587435
71.70728359967292
71.98339688901697
72.03352510697773
71.8751019311842
71.51524844692649
71.36477051329875
71.22553892403424
70.85272359733226
70.0666412249023
69.3277433736648
68.61884898591583
67.91154259555171
67.18386173983781
66.44220551886208
65.6913959643548
64.93511207402918
64.17613519867068
63.4166249611616
62.65971744211006
63.43163341263258
====iteration: 6====
99.99999914273836
0.0
99.99999911253815
0.0
99.9999999342716
99.83199181863434
99.64701318626605
98.20891278764381
98.06128840065834
96.64669020880507
96.51995016992795
95.11696139314694
93.74851367445714
92.41081583163378
91.1010771083187
91.05469258996331
89.73068336085657
88.43824148227944
87.17428791654956
85.93668619981733
86.08520269950915
84.82842582848734
83.60203428571887
82.40406150339962
98.39520396859726
95.89979255818425
98.41121970017161
98.55697927931813
0.0
97.42725735940701
98.13152890024837
97.02824221011774
96.68446385693503
95.49623702494164
95.1545096806946
93.90486546767407
92.67451917142236
91.44769934130578
90.22933673331835
89.78005004473307
88.60635532891439
87.43590257159849
86.27218344489502
85.12038667502476
84.8573328638494
83.74705103815118
82.63989860389144
81.54830763590874
96.95119715400192
95.59623334578745
96.0216356286349
97.13053064312976
97.04304176878142
96.65687029097354
97.8410624923765
96.4834489417777
0.0
94.10055449544039
92.84424118480112
92.58499619494643
91.52285725162162
90.31120596833156
89.12881032260502
88.54676989813026
87.4466468847705
86.30589137757788
85.17872844491083
84.09177574625261
83.67412529849375
82.64703622895854
81.57236253987162
80.60142564835719
95.56287889295307
94.51318934536489
94.7499750882633
94.78822155462578
95.76357332934529
96.58030625388905
96.43910328206759
95.22759060279175
93.99220016814813
94.00741756466786
92.67222816455522
91.52260552056724
0.0
89.00788677692174
87.9760692903559
86.37253378597376
86.20061786780381
85.17164345278158
84.07592323780808
83.05432630972948
82.52655645729442
81.55855454085432
80.5253192402776
79.65404272659279
94.32144647706846
0.0
0.0
0.0
93.52037673726203
95.12231684493537
95.07269693170146
94.09916934772978
94.00727873493923
92.78736888201686
91.58357148183428
90.46491617071123
90.42665679169892
89.11095304683194
87.85930042175221
86.60006448900049
0.0
83.94027916521581
82.97222318321123
81.95964764228782
80.43326151054261
80.38637067391016
79.48626253659975
78.70709646815398
92.92833513816527
91.57418543694332
90.26537367449814
91.15443852870288
92.49089663977414
93.73358268108079
93.73847448384039
92.94215989217764
92.68190702594168
91.58452968910963
90.5194418146123
89.43843581671334
89.15357740177083
88.09353613686027
87.00802777347623
85.90522940375817
84.73183770534499
83.61209878923052
82.51987874384965
81.44717064180692
80.34039793767559
79.35542805782546
78.46777923858957
77.76279453612547
91.57418543694332
90.3949460389717
89.31663457755317
90.07433310430038
91.26648344475511
92.28620535717006
91.4527880206979
91.6725444444009
91.39927067126419
90.501196034364
90.48202752321433
89.20213332628198
89.17667776841897
87.89816650181989
86.66541830293174
85.46934367102303
84.30751601453592
83.1757142428454
82.06915669320951
80.98405859231242
79.91261733596976
78.86453773248189
77.84546823709596
76.86435295700898
90.2562741413902
89.23381963546967
88.33991152541066
88.95948286273041
90.05009904410616
90.90965004153962
90.34359186475209
90.43362019331575
90.151004034986
89.39245722110024
89.19758144531588
88.14103416872946
87.90286880697455
86.75734982168262
85.61894630888087
84.50216833146298
83.50852419131168
82.49054325579841
81.45982860247955
80.42441049701483
79.38933261524724
78.3591775046111
77.33788085043396
76.3292420431364
88.98104800315836
88.17126403460443
0.0
87.80038706362198
0.0
89.7262379446177
0.0
89.11272670447269
87.95090473074009
88.17322820174792
87.95214661576688
87.05568201784934
86.67394385776946
85.61979033880972
84.51766503841041
83.54038214220239
83.5996241236214
82.3979433063989
81.23708924782082
80.10913587276433
79.00859038934358
77.93168708066635
76.87587692453744
75.83915273142205
87.72727068703153
86.96243312182652
85.71507289733321
86.59277191920609
86.96033485614576
88.2425183883164
86.972371583221
87.74254552592394
86.81819383857321
86.00570995407085
86.64153564583327
85.94818425614916
85.48052595696079
84.5039614235703
83.54055965832102
83.60279563485541
82.50805629195307
81.41896182558341
80.33732444479524
79.26610671193505
78.20819059439926
77.16489929734041
76.13667426057889
75.11984369140234
86.49661541694718
85.79244560675886
84.79831976139373
85.43969615641215
85.89077922405511
86.86529393964264
86.00032559846174
86.44993137162542
85.69498062286519
85.01442320835581
85.39492771457066
84.8323594556525
84.3161584012664
83.40584098913054
82.53943293759279
82.40536799115745
81.4196968693776
80.35540259935352
79.30338240166616
78.26405367496247
77.248320377425
76.25025672319839
75.26628970879256
74.25779940821813
85.28956802583356
84.65233726825679
83.84902142877462
84.32495753178041
84.80469755449693
85.5659557080462
84.97957425569282
85.21501785704434
84.5827713156803
84.00060500242871
84.19684304884917
83.71717580158675
83.17636011671473
82.32285110544487
81.52490294287584
81.24959393334619
80.33916257892751
79.30356437694826
78.26776198381197
77.25687207009032
76.36948570380254
75.4571961432649
74.5308700279448
73.59446375869544
84.1054637926331
83.53217180986786
82.83918975940693
0.0
83.77183190876316
84.37474836664455
0.0
84.0407991959323
83.54005993527943
0.0
83.0327322536198
82.51103097492968
81.07865906919281
81.15545243518497
80.49461731677269
80.12630704283286
79.26930856161373
78.26451934656822
77.25691817158112
76.37033688543552
76.5096946545217
75.39180352204717
74.31727408402324
73.2777272794808
82.94303838969587
82.42576034129358
81.78706540847112
81.39673588131214
82.58913272687626
83.06631317706642
81.87058921357425
82.77857632245703
82.35429321233644
81.16653220638716
81.81153626148966
81.35480433419283
80.2699566971512
80.04842970261332
79.46046124485132
79.02959397722863
78.21184999505708
77.23866562697596
76.26457819743294
75.45930881139263
75.39201267619936
74.402677476654
73.41830328802733
72.45053046022659
81.80131293529773
81.33430867125884
80.75531826641021
80.48349405132548
81.43942148633514
81.82790360855125
80.97859441019894
81.57702320375547
81.20717081511786
80.26712418752061
80.64364414450615
80.22689021960655
79.29459009251907
78.97295211079683
78.42859981316847
77.95547739115025
77.16775420440663
76.22602861773456
75.28685089683273
74.53463262291956
74.31781755764145
73.41835709192068
72.46445281103004
71.60352750987852
80.67947021209574
80.25821035026617
79.73909433850638
79.54868134531051
80.31902747186803
80.64329498233958
80.04052127388924
80.42210403142921
80.09181867588018
79.33283931479028
79.51703949836076
79.12446713424708
78.30892093271041
77.92205401491087
77.40295741697545
76.90124347496176
76.13750185300327
75.22644326209247
74.32137789751991
73.60380038155623
73.27835757938448
72.44321335379043
71.52855838513766
70.75615050632854
79.57670904332002
79.19671159919332
78.72843246707559
78.53126574557258
0.0
79.5321082966225
79.08020152223948
79.3376762957988
0.0
78.30812592854777
78.42437097714925
78.12496191792482
0.0
76.84244056322585
76.3714369312929
75.76659727288646
74.14182473153986
74.14172356162294
73.35698973341248
72.67101292101331
72.26736722594732
71.47967718317334
70.60817602353248
69.91012822060407
78.49223015637084
78.1489476442114
77.72142706854804
77.49255296813938
77.18554768672243
78.32093302678146
78.08216198311804
78.15020211369642
77.01644901314198
77.26176550332201
77.3444577625874
77.00445631332116
75.88267849068946
75.79093401272793
75.34682851395861
74.7206915525201
73.67889893468272
72.75949822840717
71.86103933302965
70.99070082815281
71.20544428852521
70.52159252790189
69.70085219429221
69.06673417814535
77.42528563592275
77.11450588120012
76.72157653052726
76.48353753407464
76.30302535423246
77.17375123420754
77.0663916009711
77.02139332936825
76.12990392776207
76.23998356152508
76.28085662076177
75.9220981290055
74.97741403837291
74.76813201274895
74.33281562963425
73.6978070306747
72.72800784967825
71.77557796260147
70.84024148022579
69.92261504715195
69.12997678554343
69.467560193787
68.79461749263415
68.22573903344782
76.37519656097705
76.09319076591692
75.73088541258377
75.49667596334446
75.39754125155162
76.07448740039347
76.0456549557723
75.93634906431949
75.22106777197962
75.23722539319584
75.23507795636516
74.87024511372783
74.05728056958841
73.76782632836775
73.33126822650406
72.69359240518436
71.76905328282254
70.82641058885099
69.89648930578767
68.98079499158641
68.10072217816564
68.44150043764995
67.89222377295435
67.38726708985827
75.3413544280404
75.08489566990721
74.7504495171532
74.5271071188842
74.47924502335617
75.01220959062718
75.02798297539947
74.88500508541962
74.29945778751663
74.25006688779393
74.20745577265826
73.84361111798103
73.12968950363896
72.78592280469755
72.34310374526672
71.70642005426863
70.81956395372939
69.89444222702018
68.97800587697041
68.08567683561822
67.31489502843291
67.46243397458495
66.99782172139754
66.55185629034875
74.32321515948946
74.08953696521749
73.78082122246751
73.57172778809986
73.55512780348448
73.9794413820943
74.01832056769084
73.86053901414549
73.37172991176065
73.27642466265216
73.19768191729699
72.83849779134658
72.19987688428598
71.81973317916024
71.36865870359891
70.73511293551793
69.88022913751084
68.97366401580152
68.072411796077
67.20757997430671
66.5121549252378
66.51992304444443
66.11371611748707
65.7202395353573
73.32029046335447
73.10702332261945
72.82223532706347
72.62858197495747
72.63002296460745
72.97103163088488
73.0196140363513
72.85830326882797
72.44257203437606
72.31505041239646
72.20512932724232
71.85228025866363
71.27155708332955
70.86749026736057
70.40794501208057
69.77876286971885
68.9515290966641
68.06400082020802
67.17950912100115
66.34320411300413
65.70028650514374
65.60655432593184
65.2410402235184
64.89321268019165
72.33213896951435
72.13724416403619
71.8747468839345
71.69645796308568
71.70728385128507
71.98339727843263
72.0335265776481
71.87511080975399
71.51530849958377
71.36521001860467
71.22904007971019
70.88306750241387
70.34736460542524
69.92804544483566
69.46076623447534
68.83668511464033
68.03369098562888
67.16528873213208
66.29721793317209
65.47484502044676
64.72772563544504
64.06038232879142
64.31457860851378
64.06422509477804
====iteration: 7====
99.99999927737726
0.0
99.9999992519202
0.0
99.99999994459475
99.83199182895748
99.64701319658917
98.20891279796695
98.06128841098149
96.64669021912822
96.51995018025112
95.1169614034701
93.7485136847803
92.41081584195699
91.10107711864197
91.05469260030885
89.7306833713816
88.43824149423604
87.17428793992259
85.93668658501362
86.08540656816884
84.82865517021766
83.60229265510407
82.40435283287599
98.39520410371128
95.89979269709924
98.41121983950178
98.55697941864828
0.0
97.42725736973013
98.13152891057149
97.0282422204409
96.68446386725817
95.49623703526483
95.15450969101778
93.90486547799722
92.67451918174555
91.447699351629
90.22933674364218
89.78005005523588
88.60635534069154
87.43590259354002
86.2721835480993
85.12038962704001
84.85753740064528
83.74728391061817
82.6401635939308
81.54860826091767
96.95119728916923
95.59623348138125
96.0216357669052
97.13053077559793
97.04304184055161
96.6568703020457
97.84106250278278
96.4834489521834
0.0
94.10055450576355
92.8442411951243
92.5849962052696
91.52285726194478
90.31120597865542
89.12881033293438
88.54676990988573
87.44664690668978
86.3058914806028
85.17872919656149
84.09180148639233
83.67433586285989
82.64729598113477
81.57265970501477
80.60175815033409
95.56287902817782
94.51318948104928
94.74997522513229
94.78822168146874
95.76357340116056
96.58030627103714
96.4391032931558
95.22759061327527
93.9922001786493
94.00741757501093
92.67222817489959
91.52260553089276
0.0
89.00788678725172
87.97606930073823
86.37253380771963
86.20061797080702
85.17164420441
84.07592917908283
83.05437377631868
82.52677782053048
81.55884289945243
80.52565165877931
79.65441094531839
94.32144661229319
0.0
0.0
0.0
93.52037680349233
95.12231686648606
95.07269694379313
94.09916935839001
94.00727874558179
92.78736889239318
91.58357149221007
90.46491618104312
90.42665680203775
89.11095305722253
87.8593004326117
86.60006450541206
0.0
83.94028072436723
82.97222985451272
81.95965951822495
80.43349174904985
80.38668931090494
79.48663354525766
78.70750460248588
92.92833527337122
91.57418557199888
90.26537380821716
91.15443855486136
92.49089666586973
93.73358270221836
93.73847449671548
92.94215990305757
92.68190703658432
91.58452969951524
90.51944182501556
89.438435827115
89.15357741216862
88.09353614773079
87.0080277886849
85.90522945859135
84.73183816128592
83.61210038945163
82.51988290181279
81.44717883553098
80.3404353149804
79.35550270155765
78.46816165259494
77.76324334434157
91.57418557199887
90.39494617282438
89.3166347005798
90.07433313096189
91.26648347037994
92.28620537799205
91.45278803419221
91.67254445552125
91.39927068193354
90.50119604479661
90.48202753362605
89.20213333674414
89.1766777793423
87.89816651707298
86.66541835766702
85.46934408684623
84.3075197247804
83.17572504841657
82.06917835380656
80.98409441309965
79.91267240364748
78.86461719749187
77.84560511001764
76.86895735423843
90.25627427611424
89.2338197675416
88.33991164058494
88.95948289818828
90.0500990702187
90.90965006220841
90.34359187875121
90.43362020468379
90.15100404570477
89.39245723156469
89.19758145578432
88.14103417965987
87.90286882223366
86.75734987642723
85.6189467247004
84.50217203768872
83.50855790213556
82.49062109928737
81.45995687290241
80.42459050303019
79.38956338486042
78.35945544880066
77.33820721093478
76.33009111366063
88.9810481376172
88.17126416694161
0.0
87.80038709907986
0.0
89.7262379652865
0.0
89.11272671577306
87.9509047414989
88.1732282122893
87.95214662671029
87.05568203311552
86.67394391251537
85.61979075463033
84.51766874463647
83.54041585262668
83.5999312736695
82.39844930234366
81.23774046600116
80.10989381690807
79.00942573621643
77.9325800269047
76.87680541624569
75.84052150509916
87.72727082126548
86.96243325426116
85.71507302874842
86.59277196281963
86.96033487720275
88.24251840901803
86.97237160383001
87.74254553811781
86.81819384950352
86.00570996511361
86.64153566112061
85.94818431090303
85.48052637278327
84.50396512979664
83.54059336874536
83.60310278486384
82.51085561581247
81.42153783164987
80.3397279015753
79.26837281582674
78.21034654044905
77.16695716576731
76.13865339407643
75.12538033756864
86.49661555089605
85.79244573842745
84.79831988465341
85.43969620601894
85.89077924795521
86.86529396058074
86.00032561832998
86.44993138450062
85.69498063420018
85.01442322148596
85.39492774643432
84.8323596422455
84.31615981486883
83.40585177095183
82.53951077817189
82.40587398675827
81.42227287540737
80.35852401098713
79.30640033676934
78.26697048768727
77.25113255706758
76.25297407615565
75.26888470747706
74.29684327260735
85.28956815938763
84.65233739865234
83.8490215458276
84.32495758583725
84.80469758115808
85.56595572940013
84.97957427506883
85.21501787050461
84.58277132798618
84.00060502143623
84.19684312364551
83.7171762819031
83.17636341703472
82.32287264958116
81.52503119786476
81.25024514951845
80.34156603545625
79.30658231202398
78.27088390071235
77.25992437138285
76.37247245843429
75.46008416415751
74.53368511287525
73.60074686975477
84.10546392573335
83.53217193933754
82.83918987783954
0.0
83.77183193489351
84.3747483885292
0.0
84.04079920926581
83.54005994764314
0.0
83.03273242891467
82.51103198767095
81.07866527829967
81.15548793045905
80.49479727271627
80.12706497964047
79.27157466446377
78.26743615915423
77.25997047285827
76.37334741210013
76.51262862386672
75.39468502466072
74.31998865415825
73.28074015619376
82.94303852221255
82.42576046914189
81.78706551867965
81.3967359080879
82.5891327526893
83.06631319937728
81.8705892357982
82.77857633658759
82.3542932252059
81.16653222235938
81.81153650425397
81.354805369319
80.26995898608618
80.04848066859168
79.46069152272926
79.03042926377894
78.21400593356671
77.24147780566429
76.26756495194597
75.4622427807247
75.3948987277023
74.40540232516739
73.42096762691344
72.45288938104477
81.80131306707662
81.33430879713563
80.75531837061256
80.48349408580282
81.43942151269684
81.82790363118926
80.97859443172162
81.57702321879133
81.20717083099329
80.26712423639802
80.6436444945899
80.22689192838513
79.29459870617859
78.97302069755719
78.42887612939946
77.95637010518712
77.16981204071163
76.22874596630373
75.28973891714203
74.53751412545652
74.32054240614669
73.42102244836103
72.46677732647699
71.60582238712837
80.67947034298447
80.25821047403339
79.73909443827522
79.54868138561129
80.31902749928392
80.64329500529107
80.04052129499485
80.4221040472495
80.09181869856118
79.33283939937635
79.51704006300945
79.124469943675
78.30893658645321
77.92214028260548
77.40327670853445
76.90217097659894
76.13948084826123
75.2290382416877
74.32419297988835
73.60651488271714
73.28102169965373
72.44552945795589
71.53081518228292
70.7579662381813
79.57670917318386
79.19671172085742
78.72843256371353
78.53126579213416
0.0
79.53210831933441
79.0802015429012
79.33767631214987
0.0
78.30812606521096
78.42437158755659
78.12496442353563
0.0
76.84255460292519
76.37178873015083
75.76755306277497
74.14370282016411
74.14422715993324
73.35961913644803
72.67366024818088
72.26967872135869
71.48192918851254
70.60986000819254
69.91179687813064
78.49223028509681
78.14894776383294
77.72142716272121
77.49255301711763
77.18554770974661
78.32093304933602
78.08216200367367
78.15020213033031
77.01644903147893
77.26176562070107
77.3444584423415
77.00445825685341
75.88268149137724
75.79105606777688
75.34720906110019
74.72159663220081
73.6803228694106
73.14452502650998
72.40461209150904
71.74228047108447
71.28261454814867
70.53074327797583
69.70324175764087
69.06794955212175
77.42528576342058
77.11450599887043
76.72157662274083
76.48353758510655
76.30302538011868
77.1737512570458
77.06639162171614
77.02139334789024
76.12990394951194
76.23998370797389
76.2808571303996
75.92210099482004
74.97742742609975
74.76827030580635
74.33322815612561
73.6990858076643
72.73325187704985
72.16552573330242
71.45929393938012
70.81562088044438
70.31580490354777
69.59367113032282
68.8086938048975
68.22830585937197
76.37519668717894
76.09319088174085
75.73088550323777
75.49667601613241
75.39754128011228
76.07448742389057
76.04565497783278
75.93634908634179
75.2210678071559
75.23722545935317
75.2350787210199
74.87024837936525
74.05730852294504
73.76799956033103
73.33212716608072
72.69878137408878
71.81131683480626
71.20608844045182
70.52474967633441
69.89481052761981
69.36800415461084
68.66970372971592
67.9266853292397
67.39307547203049
75.34135455289793
75.08489578400177
74.75044960654569
74.5271071733064
74.47924505435871
75.01220961586695
75.02798300016539
74.88500511953887
74.29945784955171
74.25006707499291
74.20745642437443
73.84361807536754
73.12973090978164
72.78623762777066
72.34485288708906
71.7177342459101
70.89050612863255
70.2638250625071
69.60044194821052
68.98232747497485
68.43630280245588
67.76009738078702
67.05554874571287
66.56355832289209
74.32321528297409
74.089537077689
73.78082131089603
73.57172784398252
73.5551278374796
73.97944141003862
74.01832060249933
73.86053906990013
73.37173006729564
73.2764250994935
73.19768387177191
72.83850829473455
72.19996394513589
71.82025868590522
71.37192450779924
70.7535109718277
69.9741384116566
69.3359902703815
68.68753192303313
68.0779813305387
67.5207579335838
66.86349953567486
66.19572346474739
65.73987151771017
73.32029058544921
73.10702343359434
72.82223541470294
72.62858203264234
72.63002300176005
72.97103166721764
73.01961408739282
72.85830339809675
72.44257235034098
72.31505156907136
72.205133904683
71.85230528827208
71.27170450821797
70.86843687192633
70.41309437992881
69.80497455088886
69.06367311129085
68.42210873568308
67.78492345562361
67.18377428988792
66.61927997792992
65.98048381342748
65.34631972122045
64.92258709980698
72.33213909021842
72.13724427360711
71.8747469711209
71.69645802253258
71.7072838950484
71.98339732640615
72.0335266841037
71.87511104781376
71.51530928632955
71.36521236531726
71.22905020801964
70.88311655787922
70.34763047138512
69.92944339941644
69.4675197502897
68.86209739195203
68.07549094956255
67.31338087840079
66.57337622479933
65.85646036991419
65.68758500544996
65.10566729310545
64.50681079560296
64.11191702071032
====iteration: 8====
99.99999933987168
0.0
99.99999931661628
0.0
99.99999994938638
99.83199183374911
99.6470132013808
98.20891280275858
98.06128841577313
96.64669022391985
96.51995018504273
95.11696140826172
93.74851368957192
92.41081584674856
91.1010771234336
91.05469260510334
89.73068337619918
88.4382414992385
87.17428794640513
85.93668663849076
86.08543305612118
84.8286849673652
83.60232622321935
82.40439068275778
98.39520416642627
95.89979276157855
98.41121990417379
98.55697948332028
0.0
97.42725737452174
98.13152891536313
97.02824222523252
96.6844638720498
95.49623704005644
95.1545096958094
93.90486548278886
92.67451918653717
91.44769935642066
90.22933674843387
89.78005006005058
88.60635534567099
87.43590259983768
86.27218356494544
85.12039001396158
84.85756397538755
83.7473141664351
82.64019802206069
81.54864731833564
96.95119735190896
95.59623354431893
96.02163583108529
97.13053083708483
97.04304187386471
96.65687030718497
97.84106250761302
96.48344895701335
0.0
94.1005545105552
92.84424119991593
92.58499621006122
91.52285726673642
90.31120598344711
89.12881033772658
88.54676991486238
87.44664691298462
86.30589149742586
85.17872929763294
84.09180483368324
83.67436322063185
82.64732972881278
81.57269831296448
80.6018013485683
95.56287909094422
94.51318954402907
94.74997528866189
94.78822174034462
95.76357343449456
96.58030627899666
96.43910329830253
95.22759061814133
93.99220018352354
94.00741757981183
92.67222817970102
91.52260553568549
0.0
89.00788679204398
87.97606930553205
86.37253381399192
86.20061798762731
85.17164430547864
84.07592995429404
83.054379946055
82.52680658108243
81.55888036332985
80.52569484604334
79.65445878324805
94.32144667505963
0.0
0.0
0.0
93.52037683423404
95.12231687648907
95.07269694940564
94.09916936333806
94.00727875052166
92.78736889720943
91.58357149702616
90.46491618583853
90.4266568068341
89.11095306202013
87.8593004374191
86.60006451040022
0.0
83.94028092950248
82.97223071714387
81.9596609821841
80.43352165513718
80.38673070692455
79.48668174534413
78.70755762455006
92.92833533612887
91.57418563468677
90.26537387028466
91.15443856700315
92.49089667798233
93.73358271202967
93.7384745026916
92.94215990810766
92.68190704152418
91.58452970434517
90.51944182984408
89.43843583194078
89.15357741696955
88.09353615254325
87.00802779351626
85.90522946360294
84.73183816664918
83.61210041909032
82.51988302678188
81.44717913348867
80.34043892363482
79.35551073116395
78.46821116559614
77.76330163631515
91.57418563468677
90.39494623495392
89.31663475768431
90.07433314333713
91.26648348227404
92.28620538765685
91.45278804045576
91.67254446068287
91.39927068688588
90.50119604963875
90.48202753845652
89.20213334157506
89.17667778417942
87.89816652192488
86.66541836267824
85.46934409209179
84.30751973222478
83.17572506090114
82.0691784025565
80.98409451199191
79.9126731004409
78.86461886812295
77.84561349530127
76.86897224174376
90.25627433864825
89.23381982884464
88.33991169404466
88.95948291464653
90.05009908233913
90.90965007180209
90.34359188524907
90.43362020996042
90.15100405067973
89.39245723641963
89.19758146061817
88.14103418450026
87.90286882708833
86.75734988144278
85.61894672994924
84.50217204512475
83.50855791211337
82.49062113337119
81.45995693080107
80.42459077451188
79.38956385882892
78.35945752990654
77.3382108585594
76.33010424061749
88.98104820002813
88.17126422836772
0.0
87.80038711553809
0.0
89.72623797488009
0.0
89.11272672101798
87.9509047464905
88.17322821715698
87.95214663155673
87.05568203797348
86.67394391753153
85.61979075987965
84.5176687520732
83.54041586260178
83.5999313074758
82.39844935833929
81.23774073127828
80.10989423796761
79.00942763822678
77.93258281222825
76.87681661027392
75.84053667708451
87.72727088357198
86.96243331573254
85.71507308974658
86.59277198306344
86.96033488697663
88.24251841862694
86.97237161339581
87.74254554377548
86.81819385455171
86.00570997000617
86.64153566598839
85.94818431592287
85.48052637803343
84.50396513723352
83.54059337872053
83.6031028186699
82.51085567177496
81.42153809668953
80.33972832171219
79.26837471121107
78.21034929983429
77.16696824563913
76.13866824811252
75.1254322313645
86.49661561307029
85.7924457995432
84.79831994186613
85.43969622904461
85.89077925904874
86.8652939702993
86.00032562755092
86.44993139046224
85.69498063933476
85.0144232264163
85.39492775146876
84.83235964750023
84.3161598223069
83.40585178092725
82.53951081197806
82.40587404272067
81.42227314044351
80.3585244310928
79.3064022320271
78.26697324620808
77.25114363347487
76.25298891437228
75.26893656977107
74.29690759901816
85.28956822137859
84.65233745917723
83.84902160015935
84.32495761092854
84.80469759353319
85.56595573931155
84.97957428405655
85.21501787670334
84.58277133322484
84.0006050265536
84.19684312892075
83.717176289347
83.17636342701171
82.32287268338764
81.52503125382724
81.25024541455446
80.34156645556146
79.30658420727838
78.27088665921484
77.25993544768612
76.37248729616572
75.46013602551763
74.53374943534814
73.60093858891477
84.10546398751369
83.53217199943273
82.83918993281172
0.0
83.77183194702236
84.37474839868706
0.0
84.0407992153774
83.54005995302516
0.0
83.03273243658776
82.51103199772756
81.07866531211421
81.15548798642405
80.49479753775213
80.12706539974538
79.27157655971747
78.26743891765622
77.2599815491596
76.37336224981931
76.51268048521405
75.39474934703476
74.32018038055922
73.28096161019062
82.94303858372203
82.42576052848447
81.7870655698345
81.39673592051659
82.58913276467098
83.06631320973455
81.87058924611924
82.77857634312215
82.35429323089467
81.16653222935521
81.81153651467446
81.3548054015559
80.26995903955748
80.04848093197761
79.46069194266806
79.03043115892609
78.21400869205645
77.24148888195526
76.26757978966195
75.46229464207026
75.39496305007394
74.40559405195297
73.42118908207503
72.45343066936941
81.80131312824362
81.33430885556308
80.7553184189795
80.48349410180622
81.43942152493422
81.82790364170161
80.97859444174915
81.57702322573482
81.20717083798493
80.26712424603829
80.64364452563753
80.22689198169573
79.29459895535038
78.97302111464576
78.42887802189917
77.95637286329911
77.1698231166497
76.22876080396948
75.28979077841905
74.53757844781954
74.32073413293072
73.42124390356011
72.4673186164142
71.60640558286278
80.6794704037383
80.25821053148165
79.73909448458426
79.54868140431775
80.31902751201278
80.64329501597601
80.04052130489019
80.42210405529336
80.09181870766301
79.33283942567965
79.51704011453067
79.12447018226935
78.30893698941122
77.92214215093787
77.40327946163
76.90218204672084
76.13949568488555
75.22909010147764
74.3242573006722
73.60670666818481
73.28124320010033
72.44607741447824
71.53140876329485
70.75902054689591
79.57670923346188
79.19671177732936
78.72843260856912
78.53126581374599
0.0
79.53210832993483
79.0802015528524
79.33767632047547
0.0
78.30812611367716
78.42437175968998
78.12496469041639
0.0
76.84255797664017
76.37179979469647
75.76756790589678
74.14375466042729
74.1442914752763
73.35981091764887
72.67388169190814
72.27022861698534
71.48252432809349
70.61102938444066
69.91299959082312
78.49223034484652
78.14894781935634
77.72142720643055
77.49255303984589
77.18554772043214
78.3209330598749
78.08216201360541
78.15020213971698
77.01644904401338
77.26176574686399
77.34445868967501
77.00445910308929
75.88268345067364
75.79106934987323
75.34725030493836
74.72191221024674
73.68303686865188
73.14498060553473
72.40485971639166
71.74283298885838
71.2832089881807
70.531937006096
69.70446498206094
69.069721537227
77.42528582259985
77.11450605348638
76.72157666553521
76.48353760876182
76.30302539208965
77.17375126767709
77.0663916319346
77.0213933602002
76.12990398965113
76.23998388956721
76.28085785393826
75.92210271675135
74.9774366994127
74.76831577333002
74.3335664708895
73.70182802579828
72.75812024750998
72.16842502360394
71.46013116129618
70.81624490452454
70.31700237639511
69.59488627183237
68.81060738543938
68.23020370934174
76.37519674575556
76.09319093549658
75.73088554529093
75.49667604056856
75.39754129319842
76.07448743477988
76.0456549887123
75.93634910410123
75.2210678775042
75.23722586344861
75.23507984664052
74.87025385147571
74.05732937611408
73.7681325613832
73.33283724096773
72.70315647053519
71.83189691103347
71.21082333211716
70.52598932889767
69.89609151315018
69.36922383467572
68.6716210293212
67.92854224152009
67.39533380934603
75.34135461084868
75.0848958369456
74.7504496479913
74.52710719839784
74.47924506845071
75.01220962709452
75.02798301237439
74.8850051443094
74.29945795902337
74.25006759989425
74.20745899928924
73.84362702939278
73.1297834533548
72.7864601590629
72.34604651399609
71.7230291726804
70.90812212289721
70.26949390090523
69.60264935448897
68.98369821459278
68.43823786380352
67.76192326159746
67.05780460300313
66.56570678440147
74.32321534028362
74.08953712986873
73.78082135183337
73.57172786964186
73.55512785242725
73.97944142182713
74.0183206159814
73.86053910551179
73.37173021843914
73.27642582698759
73.19768689173364
72.83852708448512
72.20003542871297
71.82065127494326
71.37344834752393
70.7595434986975
69.98922259131842
69.34268755684239
68.69005466349455
68.08013990041164
67.52259631933677
66.8657372096605
66.19774955845656
65.74195656525795
73.3202906421089
73.10702348505507
72.82223545521224
72.62858205877514
72.6300230175303
72.97103167931922
73.01961410365912
72.85830344248156
72.4425725687954
72.31505251775859
72.20513805020703
71.85232181016879
71.27182561981712
70.86886663070433
70.4150779124231
69.81100111761558
69.07720201467835
68.42877427506203
67.78836975943166
67.18584033530715
66.62154719552197
65.98243498294312
65.34831865237076
64.92438874573394
72.33213914622522
72.13724432439066
71.87474701126285
71.69645804909261
71.70728391144034
71.98339733938525
72.03352670138565
71.87511111489735
71.51530957215355
71.36521373723807
71.22905570420983
70.88313868161784
70.34771103402986
69.93010959387112
69.47014168696909
68.87690925860889
68.17224730665703
67.52743083511633
66.89686099775246
66.30162734126364
65.73388580066448
65.11208641710485
64.50886035641334
64.11354044348286
