====iteration: 0====
11.756735003414885
0.0
5.7851666651912685
4.5545585194498255
4.500109824037936
4.76986125187967
2.8507796034491513
1.5537726030922183
3.6597653654777047
4.40228267116545
0.0
-3.2235337177533605
0.21469454034697097
-0.1757103750714751
-1.644335502090024
-0.9443502459243355
-0.4832520808880214
-1.4370549810518745
-0.5270043370428863
-0.5071262588298627
-2.1171426233020263
-2.700209104566717
-3.9866346747338017
-1.298151447807713
-1.031651118138678
0.0
0.0
0.0
-5.817148454943863
-2.5095568484961626
-2.394259278955421
-2.9971251034041266
-3.507422720061794
-3.978138396940898
-5.393862009318777
-4.416530554132468
====iteration: 1====
67.62108538936778
0.0
59.12313042229188
57.91780117354118
57.234058144334796
58.03870528040581
64.36059862437409
57.09255927333395
57.414922681808385
58.31774557499072
0.0
55.41959540917866
61.67076881586305
56.50034593734547
55.106888738249886
56.323117525505495
56.41195271027688
55.41679555027296
59.508251642976845
55.895851391118505
54.71668041904723
53.95460752350168
54.542555574227336
55.45485974371821
58.0394430206311
0.0
0.0
0.0
51.733936081730135
53.78050509737538
56.77137767208191
55.31161921181013
53.93293547295264
52.727845406129894
51.98267321573913
52.70398824399177
====iteration: 2====
72.99658578804517
0.0
63.50070994321282
62.14765363735883
60.99476370473967
61.70633217878468
70.27910904142539
66.13744729130171
62.53009840099796
63.02674746636018
0.0
59.27148340869632
67.9540490311165
65.2938595382889
60.931411840051986
61.174545156754895
61.157143639043596
60.01598371931226
65.94807505046326
64.22353632804008
61.965457209881585
59.04488949916263
59.421612675504974
60.38986224096943
64.33022174406425
0.0
0.0
0.0
57.12740891635456
58.70929484242022
62.93275155931656
61.318951644476655
59.7815574115395
58.39573342251228
57.394626692082845
57.63071224205814
====iteration: 3====
74.186237475277
0.0
67.76317563667907
66.35347762348401
65.32554350512405
65.74811261053867
71.58894948394874
68.16159744621537
66.84498358511024
67.06773243108029
0.0
63.14362698545757
69.3334666245151
67.22689565484815
64.74783239175582
64.91115602584028
64.77204715737334
63.57482861523457
67.32909535100453
65.8156932651573
64.10101231155285
62.078085861269265
62.783614724732615
63.658622025298
65.68024352095506
0.0
0.0
0.0
60.111569427304296
61.831746545431585
64.257973633414
62.629261888380576
61.11332227444921
59.859136447067606
59.32686926079816
60.54112573352701
====iteration: 4====
74.25594861704641
0.0
67.87029452662726
66.46527423573326
65.4389224398401
65.87163261078608
71.66449146900487
68.24965451356915
66.95471171314205
67.21488871054558
0.0
63.299560554559704
69.42345826989433
67.3544321702139
64.92535528901391
65.18248948607724
65.0461250680783
63.83571914442827
67.44761350234711
66.11973419877725
64.47549370893596
62.78075943576435
63.12750174084326
63.971144013940616
65.79697650827836
0.0
0.0
0.0
60.51826063615823
62.16445429755317
64.37466182366755
62.75631210646436
61.277322570083044
60.14177464455931
59.97933268723413
60.91413178439463
