====iteration: 0====
4.7655098107350025
0.0
6.264890698557662
6.39143024349827
7.55960508606896
8.049512222047355
3.7052873580484924
3.5734309929478867
2.7044252938414965
2.507157442496861
-4.225074925616319
-5.403122436939056
-4.864240420546993
-5.417432157038799
-4.223790810472444
5.8757101232703395
0.0
2.6730949833496758
3.275281659985403
3.2776414185780927
1.6429804044075875
1.580889616602507
-5.332922378176145
-5.56864951370023
-4.807247115824228
-4.4427883728586055
-5.195587733974213
-4.156204201757969
4.186899213678455
2.844193102360098
3.5554557498475456
3.2280314347844405
0.0
-5.221541066496096
-6.18512020733301
-5.618482544935478
-4.298478065052998
-4.309946795575031
-5.046710626185436
-5.898247466221752
2.7471763250755306
0.5488049064537481
-0.22214337795949485
-0.49469763051686455
-0.8632030158089112
-4.443674824707212
-5.274594484764791
-5.245209586988026
-4.302033866731051
0.0
0.0
0.0
-6.408228862375326
-5.6301509538780055
-1.443039027526537
-0.920606499238278
-3.4996731241889165
-4.793641394514837
-4.732755649691856
-4.767467542152125
-4.345845708807382
-4.355344914629048
-4.342598942990737
-4.3740812746185656
-6.117476903438041
-5.7564505601673535
-6.5904178712209855
-7.149700334876576
-6.2443602605107245
-4.973703186137604
-3.7832190916470787
-4.6502247163942565
-4.358200807398871
-4.502782523453435
-4.539492140429418
-4.673280373694757
-5.928939580427779
-5.878953323586729
-7.530991203377407
-7.373280439934725
-1.9787425094686606
4.907618705074589
6.706742068599198
5.336264230158405
-4.498846907329679
-4.523752239995797
-4.535297610990976
-4.54266059128697
-5.792546583824904
-5.799007991420204
-5.968599344312346
-6.6818375718081136
-2.140321453930773
1.2914351957880166
5.9244784948135045
5.297737781829354
-4.499742278842748
-4.5143064314708
0.0
-4.534779837124435
0.0
-5.959410275478823
0.0
-6.376977738261229
-6.472059329252873
1.207556643627568
1.7762581565897448
1.8525907069423038
-4.443669379725094
-4.502894853252079
-4.5306379633761615
-4.62055042646429
-4.654837568511967
-5.984867230845867
-6.138563943684816
-6.317833258372515
-6.263659689844955
-2.9040905677610036
-2.4033099552437225
-0.39486558285564377
-4.441488746410933
-4.4776491134509975
-4.489973202418435
-4.502744305727146
-4.502124040287086
-4.987003772359524
-4.926106555991416
-6.11059755005161
-5.856046343738146
-2.5334612293275605
-2.4197511403835845
-2.2823191006585613
-4.408335030582736
-4.410451660678844
-4.404880794675358
-4.44882818286499
-4.448791986614866
-4.582661383178576
-4.782957021538205
-5.069113607619753
-5.46924885372618
-2.9287217635822973
-2.965122489571461
-2.9011271605198337
====iteration: 1====
99.8995391203025
0.0
88.53106407542309
87.38119588187419
88.53473000862098
88.39104288795752
87.08334495141439
85.81014660852576
84.5812015831244
83.34531439330348
83.28824409381286
81.55224910433408
96.07658359075513
75.6115886680048
86.21310794844157
87.39195688187311
0.0
86.01786215452206
85.83071044757938
84.70490296070545
83.7058486140507
82.28958693278149
81.15223579901293
76.3144907398987
1.1294469964183838
8.545930074733587
76.5647607599838
85.23964826292313
85.71871039278707
84.76376312279585
85.66737765599171
83.82519544655212
0.0
80.91753574021837
78.52725841876848
40.49550695455684
0.2674883458126365
1.129446996418384
9.360831293336348
82.45435351766706
84.4109764198112
84.8446754722059
84.40338941959249
82.78843349198542
81.65449890143847
80.11572809352761
74.82166643191881
36.30387597266689
0.21395414213167616
0.0
0.0
0.0
82.2670419836551
83.53492657768875
83.17529177205358
81.80505743913783
81.2435927693359
75.50883327490696
36.73340973025209
31.998497996705886
0.07596825719147351
-0.6135956773861099
-0.9585582893182271
-0.9938016388523497
7.301658762983711
74.84164155128015
80.80715298115192
76.40242020183652
36.90613769137666
33.063056685014296
32.993102792891406
31.861550293448765
-0.046643937176847616
-0.625614690602781
-0.9573515442235224
-0.9695947589046355
-0.15535662315731358
7.2583710953838745
12.894927991910558
36.528388870287266
32.96643150931835
33.059774710870215
33.593270689317094
32.173286853087895
-0.14929044251609613
-0.5789368787998561
-0.6587439804003363
-0.7347483082839892
-0.7075873216000353
0.12519980345238807
1.4822439189789052
29.24738789969205
32.01709093048479
32.535003952010264
32.99937029703272
32.45290496153911
-3.954819561691886
-3.621535504064625
0.0
-0.7757530476665805
0.0
0.0734615187055501
0.0
3.1699712211032254
30.565603519675143
31.9887744108283
32.43463822423228
32.04597874371576
-3.995900243602043
-3.959332818665939
-3.9962871278344347
-3.999900278387749
-3.9998989112873917
-3.596202038810582
-3.5435159086613206
-0.1638679636671811
30.92026078076245
31.51392481541317
31.89912352549249
31.6294394295073
-4.00041355446148
-4.000411133916719
-4.000402075153313
-4.000345331385875
-3.999833772436245
-3.995219072589695
-3.9536093410095976
-3.578444280265736
30.05596499824725
30.43182912955506
30.785764377594276
31.140958517863314
-4.000413615763568
-4.000411691833573
-4.000407649428338
-4.000401079806184
-4.0003390965642165
-3.999777563984046
-3.9947120241549485
-3.9490373963274106
29.62781690711315
29.999274589874897
30.347630217913494
30.663430853665783
====iteration: 2====
99.96285663535187
0.0
88.6132488569786
87.46666507448589
88.59473410100561
88.45117725546211
87.144664954105
85.88329813475771
84.66354597852003
83.46356829821175
83.87398273979811
82.65913043652724
98.22114982281524
94.6166140356485
88.1891722232611
87.68476244734619
0.0
86.07918215721266
85.90269065298365
84.8750769001723
83.86503476054371
82.70204302893995
82.66337917129314
81.6973877075875
95.68209683254084
85.44230712790275
85.86493443632774
86.47150281563977
86.51412530557205
85.198132321066
85.84724548278079
84.6268184368114
0.0
81.39795839173794
79.59493056520722
78.92267733549343
93.0637569088602
81.9251777280197
82.57090020926199
83.25266231323562
85.16455276237424
85.28997731630601
84.66789357478785
83.57093980736144
82.48754183008518
81.40219487248889
80.24675778657387
79.14957011891092
91.85302638223334
0.0
0.0
0.0
82.98018040343334
83.99164188975729
83.50805732511415
82.58857286371656
82.56006571070662
81.35373244952338
80.16845538958515
79.00150271256145
90.49404200464181
89.1707400712238
87.88069492939968
80.73536390804908
81.86398427193707
82.7397592276783
82.36565755194358
81.57975392888781
81.37131079660523
80.27978614290744
79.11339411312115
77.90544132858061
89.1707400712238
87.99923085631495
86.8449324882782
80.26912400145586
80.80459300061848
81.43464744652638
80.25716346385519
80.42311421849791
79.86716090104925
75.75308429805294
76.26827055121072
75.42268987387068
87.87050786783229
86.75221993841397
85.75475935624966
84.03477130393009
79.20565093340232
80.05681013091102
78.37945429650485
79.18534631899189
78.4952673411732
75.16707496844823
75.15156495388906
74.20420957845633
86.61520098025291
85.72951693739928
0.0
82.93662318012379
0.0
79.00827522320256
0.0
71.56776712923559
71.73492217391292
73.13251408147228
73.97747953249413
73.3105442005776
85.38194845897488
84.54812896253017
83.21118426323358
81.36906770925485
75.61339206348553
76.88115706462965
69.30563135251141
70.25383949774447
71.14516727977747
72.1369030488512
72.8587920740818
72.4023044160997
84.16132535467496
83.30524843223064
81.32859810199456
72.91417865684599
73.51755028729914
74.9718594873143
69.1338638081638
69.31436426013443
70.22050742578783
71.15008432992477
71.78464013066237
71.48563608105002
69.86167980465207
69.00794794803629
68.14359972017216
67.40755136002015
67.6217937133568
67.79033591288797
67.79996179478003
68.54102217625412
69.361029886517
70.18103908698633
70.74653378323042
70.56599159293422
====iteration: 3====
99.98303997763793
0.0
94.94411819382684
93.77172063490931
88.61635459022007
88.4728668595106
87.16698373775702
85.91189691121997
84.6970214257716
83.50199128594683
83.91002879019258
82.69494129576758
98.37640148830555
95.86605736260272
94.43782343089863
94.27292202397564
0.0
86.10150094086468
85.93066784182633
84.95518715267066
83.93929971516116
82.78233448360284
82.70359397988264
81.73344729619599
96.93154015949507
95.56946772919905
92.4509286742529
92.87888450497279
91.94338191102655
90.20200431961959
86.419844881239
85.18206733174607
0.0
81.57491628005408
80.56158900405634
80.65291107290234
95.53687907913582
94.43553377984755
91.49864018615222
90.59208757612906
90.64655378798417
89.89464698604768
85.67101120017732
84.51780036526615
83.43486888987533
82.27041222792978
81.12802695831864
80.11734379440557
94.29555938959093
0.0
0.0
0.0
88.27098630602818
88.2923294888671
84.82565932936495
83.572553184821
83.60694561512364
82.36818679089404
81.15797182420172
79.99687838351329
92.90241222992323
91.54707053362027
90.22653647032247
88.9367840264448
87.27112659705453
86.83431924868934
83.91690206297967
82.61465600839819
82.40226340310188
81.28411687836929
80.11238300253662
79.07677529064541
91.54707053362027
90.35726934258895
89.18180906421136
88.00803155106045
86.2440157826863
85.38695334846032
81.98847967300198
81.55066221529722
81.24682038304127
80.3147023501217
80.14859604347626
78.27193028615288
90.22653647032247
89.18180906421136
88.14741651053127
86.98451266475435
85.8930552199264
84.12727811301366
81.19401834588102
80.51643614873743
80.10692062621312
79.07866378153724
78.93159362506186
77.43069552361763
88.949292141912
88.12186803627193
0.0
85.84983096042619
0.0
83.02733852708626
0.0
79.30337349482855
78.01853693766525
78.01346717895996
77.7764607159434
76.56426749342972
87.69371071490787
86.91276343866862
85.64380013801967
84.69314797069482
83.44966219219678
81.97580517324003
80.78290409350828
78.28435815633688
75.95129969301867
76.85452744443772
76.65926334560142
75.67985788146592
86.45946707023177
85.72455118185293
84.54873803624001
83.55847185434799
82.33690937913512
80.93682554887928
79.81320184727517
77.26133552917796
74.74039855759717
75.7090986851494
75.57220619956487
74.78294886667304
85.24604106926667
84.55509878673286
83.45521607473131
82.44277301515653
81.23831726100582
79.85835518216467
78.33012955933513
73.26354945213659
73.74036392825458
74.5978602899035
74.51159914330572
73.87795338452466
====iteration: 4====
99.99320437932607
0.0
95.03865272644708
93.8681935006849
93.94456396703825
93.2357893978574
91.84502117172569
90.5165843337371
89.23240564363196
87.97025946552215
87.91294189094057
86.64226128004357
98.38656588999368
95.87622176429089
94.53820176077386
94.39089116382763
0.0
89.35425081726174
90.40152004593145
89.43761875994727
88.37786960094941
87.16459643187385
86.69404424029166
85.64094844710006
96.94170456118323
95.57963213088719
93.28763188399226
93.16921589592606
93.09315859671132
91.61427592714323
91.46382905019334
90.0869314704132
0.0
85.86292471703766
84.52909567980299
84.52282342323873
95.54704348082397
94.4456981815357
93.225749787744
91.1062851507127
91.78772829602323
91.7019464137888
90.4610931210609
89.22562850604794
88.04579690344175
86.76945114314579
85.50464178271176
84.38465569283625
94.30572379127908
0.0
0.0
0.0
89.4918237479725
90.26586545986885
89.07375552160222
87.89805445189394
87.90541616243486
86.63475531369629
85.4042584317248
84.21687917466444
92.91257663161134
91.55723493530839
90.23670087201062
88.94694842813291
87.86676454554853
88.81691713689348
87.55162076312696
86.44819967093153
86.60295377647472
85.49052333579203
84.49146375373209
83.46188374234677
91.55723493530839
90.3674337442771
89.19197346589947
88.01819595274857
86.88039225405265
87.33447786943869
85.15544557312086
85.30785131758955
85.35916016368488
84.48700039838704
84.52544591800593
83.30553892838256
90.23670087201062
89.19197346589947
88.15758091221937
86.99467706644242
85.97211444289954
85.00120665929458
84.03027381381254
84.174533917246
84.1594692825963
83.4525786548363
83.30461822451419
82.20939977363913
88.95945654360011
88.13203243796008
0.0
85.85999536211428
0.0
83.89138110759262
0.0
82.95855351107679
82.01510070229591
82.30276911349273
82.11012563969769
81.06025242865529
87.70396291058178
86.92372682939063
85.66194713722636
84.70618458219191
83.48084287897711
82.44675752532491
81.26397997021022
80.39491586173354
80.91068221741749
81.16864435828168
80.95721767893356
80.10478644947693
86.47050848538595
85.74199471069416
84.62515836333642
83.59413011192868
82.51524445524369
81.46213332791115
80.41496926394277
79.40419212084498
78.55749247452312
79.92541926428112
79.82557718622029
79.14056683702906
85.25917634366432
84.58528405477381
83.60640143523244
82.6326535644598
81.6581607856987
80.68584526684124
79.71609706099325
78.75260370001982
77.7705357279314
78.7531564867267
78.71729812579991
78.17121943820662
====iteration: 5====
99.99487121400905
0.0
95.04032795323006
93.86986927177641
93.9462407979668
93.7199288740912
92.34108438712741
91.01663207033523
89.73430462554522
88.47225321678003
88.46473347595533
87.187509421519
98.38823272467666
95.87788859897385
94.53986952792776
94.39256375782867
0.0
91.27560159023507
91.04227005772505
90.01917234570402
88.94431648685953
87.71699588217423
87.23992912140456
86.18113402271372
96.9433713958662
95.58129896557016
93.28929882242343
93.17092255669219
93.09517956269929
91.80886292255768
91.68843557979181
90.33433651325149
0.0
86.40804359898112
85.06910036899995
85.05797272864336
95.54871031550692
94.44736501621867
93.22741663521784
91.10827103451177
91.79229720600875
91.72977238717765
90.53214897038855
89.34594802587233
88.1823415860554
86.95831763359821
85.7340584839318
84.64569410922357
94.30739062596207
0.0
0.0
0.0
89.50132625645696
90.31562514984458
89.34409560646164
88.2973552860257
88.18535996901012
86.90464298337247
85.66955163543662
84.4812436734694
92.91424346629435
91.55890176999138
90.23836770669358
88.94861526281588
88.45950561450984
88.97569343319718
88.16443124108018
87.22591413987787
86.93113513863578
85.78806257130314
84.78243029678201
83.74848517058494
91.55890176999138
90.36910057896006
89.19364030058244
88.01986278743156
87.40600127968378
87.59755387943221
86.0167894948781
86.04499373587777
85.72182891685978
84.78760584273964
84.81881528373253
83.60847194025888
90.23836770669358
89.19364030058244
88.15924774690237
86.99634390112541
86.03135092865837
86.2723740481335
85.03090694531906
84.89593902517711
84.54849892017972
83.75934942203806
83.60954758399738
82.63607854992827
88.96112337828306
88.13369927264306
0.0
85.86166219679725
0.0
85.14671754374265
0.0
83.63736570883678
82.42168649547422
82.61875772302686
82.44149796347618
81.65292257034403
87.70562974526476
86.92539366407361
85.66361397190933
84.70785141687487
83.48250971366008
83.8289154625662
82.50505921672546
82.43406772777081
81.4682161530314
81.50878969046597
81.30855867480014
80.66408385692218
86.47217532006896
85.74366154537714
84.6268251980194
83.59579694661164
82.51691128992663
81.60197134403676
80.65265659244926
79.80222174868251
80.34357138946041
80.40895090567378
80.20412934878593
79.67335081380573
85.26084317834726
84.58695088945676
83.60806826991538
82.63432039914274
81.65982762038168
80.70269396030666
79.75704210320148
78.83234640948332
78.43773182953142
79.24115970499591
79.11553499345129
78.68250444154313
====iteration: 6====
99.99670418261788
0.0
95.0421614114748
93.87170378680445
94.22115202584817
93.9904182861513
92.60699843766513
91.27614391880091
89.98795056151683
88.72040065712191
88.70839117641107
87.42677334320332
98.39006569328548
95.87972156758269
94.54170255094152
94.39440640679177
0.0
91.5415156407728
91.3024212059342
90.2581662366701
89.18170837277684
87.95191885023934
87.47877997518633
86.41680338646883
96.94520436447503
95.58313193417904
93.2911317970855
93.1728513380009
93.09790391894431
91.8440707522377
91.74857889213837
90.41222584873348
0.0
86.63954777582624
85.30335528879387
85.28988947581784
95.55054328411582
94.44919798482753
93.22924960457298
91.11090724456696
91.80148554297354
91.79803552457761
90.59869308746468
89.4138976198006
88.26026219143085
87.0585362164844
85.85167623366172
84.77650861838241
94.30922359457091
0.0
0.0
0.0
89.51622907176176
90.37770018864511
89.41048984364248
88.374137101872
88.35169682827951
87.06362457367432
85.8239786781335
84.63294600416533
92.91607643490316
91.56073473860022
90.24020067530242
88.95044823142474
88.47717722652631
89.03313937956071
88.23084289816796
87.30878574257153
87.08840681745623
85.9640798280601
84.95413619680002
83.91621882508046
91.56073473860022
90.3709335475689
89.19547326919128
88.02169575604043
87.42551628317487
87.65151771960424
86.08326745469414
86.13196648298393
85.87184678923944
84.9588775944867
84.99187664312281
83.77867387307819
90.24020067530242
89.19547326919128
88.16108071551122
86.99817686973424
86.36529394089587
86.37905426374788
85.34333247434681
85.0101562110306
84.69502387493513
83.92622498088701
83.77966526047386
82.80427868576415
88.96295634689194
88.13553224125192
0.0
85.86349516540614
0.0
85.25199616475321
0.0
83.75341202570891
82.56522378835234
82.7815697215026
82.60871569177297
81.81907650004193
87.70746271387362
86.92722663268246
85.6654469405182
84.70968438548373
83.48434268226895
83.93304503830743
82.71337650663251
82.56053418755046
81.61006245527865
81.66797956501235
81.47296063445997
80.82823887395664
86.4740082886778
85.74549451398599
84.62865816662824
83.59762991522052
82.51874425853552
82.69411761637981
81.71618403789235
81.42030337688628
80.63294168421281
80.57980885753052
80.36743152018738
79.83576549700398
85.26267614695614
84.58878385806561
83.60990123852424
82.6361533677516
81.66166058899051
80.824317613784
79.98080621336834
79.20680651781716
79.53322693385157
79.50211783508861
79.28700643530338
78.84460905467637
====iteration: 7====
99.99683405097304
0.0
95.042291281619
93.87183366234497
94.22238224078043
93.991804845375
92.60855762725735
91.27787694112108
89.98987802961696
88.72255048538842
88.71081918538476
87.42951490798835
98.39019556164065
95.87985143593785
94.54183241949546
94.39453631928212
0.0
91.54307483036501
91.30413521371058
90.25991456373865
89.18364923365031
87.95411462203947
87.48146183887556
86.41981280515732
96.94533423283019
95.58326180253418
93.29126166546276
93.1729816010555
93.09803704256143
91.84437999558097
91.74906398589927
90.41287554776724
0.0
86.6420564255138
85.30632618846745
85.29319757286893
95.55067315247096
94.4493278531827
93.22937947293086
91.11104001211017
91.80163875836408
91.79834989240184
90.59905132016226
89.41431956658326
88.2607237459191
87.05926405120965
85.8526986816554
84.77784005424297
94.30935346292607
0.0
0.0
0.0
89.51640578416709
90.37802468931255
89.41087621888077
88.37459043294277
88.35219068862546
87.06418883588138
85.82464383095139
84.63374184917411
92.91620630325835
91.56086460695542
90.2403305436576
88.9505780997799
88.47737090906999
89.03347789075171
88.23125932603288
87.30927466678077
87.08894494664152
85.96467106378944
84.95479195549652
83.91695327515512
91.56086460695542
90.37106341592408
89.19560313754646
88.02182562439558
87.42572674795957
87.6518738944985
86.08371649942748
86.13249550890812
85.8724341706784
84.95952484622767
84.99258803085561
83.77945778675121
90.2403305436576
89.19560313754646
88.16121058386639
86.99830673808945
86.36552042808837
86.37942265911894
85.34373590776575
85.01072123319153
84.69566513466233
83.92693478266266
83.78044647801389
82.80513118135855
88.9630862152471
88.13566210960707
0.0
85.86362503376128
0.0
85.2523932119049
0.0
83.75403983495947
82.565926711681
82.78234944230059
82.60957407135218
81.82000585242267
87.70759258222881
86.92735650103765
85.66557680887337
84.71006966621437
83.48749027239182
83.93369774433287
82.71402078225049
82.5612034271749
81.61083238503912
81.6688371463973
81.47390445408475
80.82925423529947
86.47413815703298
85.74562438234118
84.62878803498344
83.60052209296792
82.54510874701108
82.69730656805034
81.71690977415739
81.42104605495848
80.6337852340537
80.58075298071655
80.36847008996642
79.83687698972038
85.26280601531134
84.58891372642081
83.61003110687943
82.63653864848226
81.66480817911344
81.52968903707665
80.70242477405809
80.31887329219094
79.64499623024493
79.51377241537188
79.28914877336479
78.84582782684366
